,thscode,firstInd,thirdInd
0,603223.SH,交通运输,物流综合
1,603225.SH,石油石化,其他石化
2,603226.SH,轻工制造,其他家居
3,603227.SH,基础化工,民爆用品
4,603228.SH,电子,PCB
5,603229.SH,医药,化学原料药
6,603232.SH,计算机,基础软件及管理办公软件
7,603233.SH,医药,医药流通
8,603236.SH,通信,通信终端及配件
9,603238.SH,纺织服装,其他纺织
10,603239.SH,汽车,汽车零部件Ⅲ
11,603256.SH,基础化工,其他化学制品Ⅲ
12,603258.SH,传媒,游戏
13,603259.SH,医药,医疗服务
14,603260.SH,有色金属,其他稀有金属
15,603266.SH,基础化工,其他塑料制品
16,603267.SH,国防军工,其他军工Ⅲ
17,603268.SH,建材,陶瓷
18,603269.SH,机械,其他通用机械
19,603277.SH,机械,其他专用机械
20,603278.SH,机械,金属制品Ⅲ
21,603279.SH,机械,其他专用机械
22,603283.SH,机械,其他专用机械
23,603286.SH,汽车,汽车零部件Ⅲ
24,603288.SH,食品饮料,调味品
25,603289.SH,机械,塑料加工机械
26,603290.SH,电子,集成电路
27,603297.SH,电子,显示零组
28,603298.SH,机械,叉车
29,603299.SH,基础化工,无机盐
30,603300.SH,建筑,专业工程及其他
31,603301.SH,医药,医疗器械
32,603303.SH,家电,照明电工
33,603305.SH,汽车,汽车零部件Ⅲ
34,603306.SH,汽车,汽车零部件Ⅲ
35,603308.SH,机械,基础件
36,603309.SH,医药,医疗器械
37,603311.SH,家电,小家电Ⅲ
38,603313.SH,轻工制造,家具
39,603315.SH,机械,基础件
40,603316.SH,建筑,园林工程
41,603317.SH,食品饮料,调味品
42,603318.SH,机械,其他专用机械
43,603319.SH,汽车,汽车零部件Ⅲ
44,603320.SH,电力设备及新能源,电机
45,603321.SH,机械,电梯
46,603322.SH,通信,网络规划设计和工程施工
47,603323.SH,银行,农商行
48,603326.SH,轻工制造,家具
49,603327.SH,电子,消费电子组件
50,603328.SH,电子,PCB
51,603329.SH,交通运输,物流综合
52,603330.SH,基础化工,其他塑料制品
53,603331.SH,机械,其他通用机械
54,603332.SH,基础化工,涤纶
55,603333.SH,电力设备及新能源,输变电设备
56,603335.SH,汽车,汽车零部件Ⅲ
57,603336.SH,农林牧渔,农产品加工Ⅲ
58,603337.SH,机械,纺织服装机械
59,603338.SH,机械,高空作业车
60,603339.SH,机械,其他专用机械
61,603345.SH,食品饮料,速冻食品
62,603348.SH,汽车,汽车零部件Ⅲ
63,603351.SH,医药,化学原料药
64,603353.SH,石油石化,油品销售及仓储
65,603355.SH,家电,小家电Ⅲ
66,603356.SH,机械,电梯
67,603357.SH,建筑,建筑设计及服务Ⅲ
68,603358.SH,汽车,汽车零部件Ⅲ
69,603359.SH,建筑,园林工程
70,603360.SH,基础化工,农药
71,603363.SH,农林牧渔,畜牧养殖
72,603365.SH,纺织服装,家纺
73,603366.SH,家电,厨房电器Ⅲ
74,603367.SH,医药,化学制剂
75,603368.SH,医药,医药流通
76,603369.SH,食品饮料,白酒
77,603377.SH,消费者服务,服务综合
78,603378.SH,基础化工,涂料油墨颜料
79,603379.SH,基础化工,氟化工
80,603380.SH,电子,消费电子组件
81,603383.SH,计算机,行业应用软件
82,603385.SH,轻工制造,其他家居
83,603386.SH,电子,PCB
84,603387.SH,医药,医疗器械
85,603388.SH,建筑,建筑装修Ⅲ
86,603389.SH,轻工制造,家具
87,603390.SH,汽车,汽车零部件Ⅲ
88,603392.SH,医药,医疗器械
89,603393.SH,电力及公用事业,燃气
90,603396.SH,电力设备及新能源,太阳能
91,603398.SH,轻工制造,文娱轻工Ⅲ
92,603399.SH,有色金属,其他稀有金属
93,603408.SH,轻工制造,其他家居
94,603416.SH,机械,工业机器人及工控系统
95,603421.SH,通信,其他通信设备
96,603429.SH,轻工制造,纸包装
97,603439.SH,医药,中成药
98,603444.SH,传媒,游戏
99,603456.SH,医药,化学制剂
100,603458.SH,建筑,建筑设计及服务Ⅲ
101,603466.SH,建筑,建筑装修Ⅲ
102,603477.SH,纺织服装,其他纺织
103,603486.SH,机械,服务机器人
104,603488.SH,机械,电梯
105,603489.SH,电力设备及新能源,电机
106,603496.SH,计算机,专用计算机设备
107,603499.SH,轻工制造,纸包装
108,603500.SH,机械,铁路交通设备
109,603501.SH,电子,集成电路
110,603505.SH,基础化工,氟化工
111,603506.SH,房地产,物业管理服务
112,603507.SH,电力设备及新能源,风电
113,603508.SH,电子,安防
114,603515.SH,家电,照明电工
115,603516.SH,计算机,专用计算机设备
116,603517.SH,食品饮料,休闲食品
117,603518.SH,纺织服装,中高端成人品牌服饰
118,603519.SH,基础化工,其他塑料制品
119,603520.SH,医药,化学原料药
120,603527.SH,有色金属,铜
121,603528.SH,计算机,专用计算机设备
122,603530.SH,电力设备及新能源,输变电设备
123,603533.SH,传媒,其他文化娱乐
124,603535.SH,交通运输,物流综合
125,603536.SH,食品饮料,速冻食品
126,603538.SH,医药,化学原料药
127,603551.SH,家电,小家电Ⅲ
128,603555.SH,纺织服装,体育及户外品牌
129,603556.SH,电力设备及新能源,电力电子及自动化
130,603557.SH,纺织服装,儿童品牌
131,603558.SH,纺织服装,棉纺制品
132,603559.SH,通信,网络规划设计和工程施工
133,603565.SH,交通运输,物流综合
134,603566.SH,农林牧渔,动物疫苗及兽药
135,603567.SH,医药,中成药
136,603568.SH,电力及公用事业,环保及水务
137,603569.SH,交通运输,物流综合
138,603577.SH,电力设备及新能源,输变电设备
139,603578.SH,家电,其他家电
140,603579.SH,家电,小家电Ⅲ
141,603580.SH,基础化工,橡胶制品
142,603583.SH,机械,基础件
143,603585.SH,基础化工,农药
144,603586.SH,汽车,汽车零部件Ⅲ
145,603587.SH,纺织服装,中高端成人品牌服饰
146,603588.SH,电力及公用事业,环保及水务
147,603589.SH,食品饮料,白酒
148,603590.SH,医药,生物医药Ⅲ
149,603595.SH,电子,消费电子组件
150,603596.SH,汽车,汽车零部件Ⅲ
151,603598.SH,传媒,互联网广告营销
152,603599.SH,基础化工,农药
153,603600.SH,轻工制造,其他家居
154,603601.SH,基础化工,其他化学制品Ⅲ
155,603602.SH,通信,网络规划设计和工程施工
156,603603.SH,电力及公用事业,环保及水务
157,603605.SH,基础化工,日用化学品
158,603606.SH,电力设备及新能源,输变电设备
159,603607.SH,轻工制造,其他包装
160,603608.SH,纺织服装,大众成人品牌服饰
161,603609.SH,农林牧渔,饲料加工
162,603610.SH,轻工制造,家具
163,603611.SH,汽车,专用汽车
164,603612.SH,有色金属,其他稀有金属
165,603613.SH,计算机,产业互联网平台服务
166,603615.SH,轻工制造,其他家居
167,603616.SH,建材,其他结构材料
168,603617.SH,机械,基础件
169,603618.SH,电力设备及新能源,输变电设备
170,603619.SH,石油石化,油田服务
171,603626.SH,机械,金属制品Ⅲ
172,603628.SH,电力设备及新能源,太阳能
173,603629.SH,电子,显示零组
174,603630.SH,基础化工,日用化学品
175,603633.SH,电子,消费电子组件
176,603636.SH,计算机,行业应用软件
177,603637.SH,建筑,专业工程及其他
178,603638.SH,机械,基础件
179,603639.SH,基础化工,农药
180,603648.SH,交通运输,物流综合
181,603650.SH,基础化工,橡胶助剂
182,603655.SH,汽车,汽车零部件Ⅲ
183,603656.SH,机械,其他专用机械
184,603657.SH,家电,其他家电
185,603658.SH,医药,化学制剂
186,603659.SH,电力设备及新能源,锂电池
187,603660.SH,计算机,专用计算机设备
188,603661.SH,轻工制造,其他家居
189,603662.SH,机械,仪器仪表Ⅲ
190,603663.SH,基础化工,无机盐
191,603665.SH,纺织服装,其他纺织
192,603666.SH,机械,服务机器人
193,603667.SH,机械,基础件
194,603668.SH,农林牧渔,饲料加工
195,603669.SH,医药,化学制剂
196,603676.SH,医药,化学制剂
197,603677.SH,家电,其他家电
198,603678.SH,国防军工,其他军工Ⅲ
199,603679.SH,家电,照明电工
200,603680.SH,机械,铁路交通设备
201,603681.SH,基础化工,其他化学制品Ⅲ
202,603682.SH,房地产,非住宅物业开发和运营
203,603683.SH,基础化工,其他化学制品Ⅲ
204,603685.SH,家电,照明电工
205,603686.SH,电力及公用事业,环保及水务
206,603687.SH,轻工制造,纸包装
207,603688.SH,电子,其他电子零组件Ⅲ
208,603689.SH,电力及公用事业,燃气
209,603690.SH,机械,其他专用机械
210,603693.SH,电力及公用事业,其他发电
211,603696.SH,食品饮料,调味品
212,603697.SH,食品饮料,休闲食品
213,603698.SH,机械,矿山冶金机械
214,603699.SH,机械,基础件
215,603700.SH,机械,仪器仪表Ⅲ
216,603701.SH,汽车,汽车零部件Ⅲ
217,603703.SH,电子,其他电子零组件Ⅲ
218,603706.SH,电力及公用事业,燃气
219,603707.SH,医药,化学原料药
220,603708.SH,商贸零售,超市及便利店
221,603709.SH,轻工制造,家具
222,603711.SH,食品饮料,非乳饮料
223,603712.SH,国防军工,其他军工Ⅲ
224,603713.SH,交通运输,物流综合
225,603716.SH,医药,医药流通
226,603717.SH,建筑,园林工程
227,603718.SH,医药,生物医药Ⅲ
228,603719.SH,食品饮料,休闲食品
229,603721.SH,传媒,影视
230,603722.SH,基础化工,其他塑料制品
231,603725.SH,建材,其他装饰材料
232,603726.SH,机械,其他专用机械
233,603727.SH,石油石化,工程服务
234,603728.SH,电力设备及新能源,电机
235,603729.SH,传媒,其他广告营销
236,603730.SH,汽车,汽车零部件Ⅲ
237,603733.SH,轻工制造,造纸Ⅲ
238,603737.SH,基础化工,涂料油墨颜料
239,603738.SH,电子,分立器件
240,603739.SH,农林牧渔,饲料加工
241,603755.SH,食品饮料,调味品
242,603757.SH,机械,基础件
243,603758.SH,汽车,汽车零部件Ⅲ
244,603766.SH,汽车,摩托车及其他Ⅲ
245,603767.SH,汽车,汽车零部件Ⅲ
246,603768.SH,汽车,汽车零部件Ⅲ
247,603773.SH,电子,显示零组
248,603776.SH,汽车,摩托车及其他Ⅲ
249,603777.SH,食品饮料,休闲食品
250,603778.SH,建筑,园林工程
251,603779.SH,食品饮料,其他酒
252,603786.SH,汽车,汽车零部件Ⅲ
253,603787.SH,汽车,摩托车及其他Ⅲ
254,603788.SH,汽车,汽车零部件Ⅲ
255,603789.SH,机械,其他专用机械
256,603790.SH,基础化工,印染化学品
257,603797.SH,电力及公用事业,环保及水务
258,603798.SH,石油石化,其他石化
259,603799.SH,有色金属,镍钴锡锑
260,603800.SH,石油石化,油田服务
261,603801.SH,轻工制造,家具
262,603803.SH,通信,通信终端及配件
263,603806.SH,电力设备及新能源,太阳能
264,603808.SH,纺织服装,中高端成人品牌服饰
265,603809.SH,汽车,汽车零部件Ⅲ
266,603810.SH,基础化工,农药
267,603811.SH,医药,化学制剂
268,603813.SH,交通运输,物流综合
269,603815.SH,建筑,基建建设
270,603816.SH,轻工制造,家具
271,603817.SH,电力及公用事业,环保及水务
272,603818.SH,轻工制造,家具
273,603819.SH,电力设备及新能源,电机
274,603822.SH,基础化工,其他化学制品Ⅲ
275,603823.SH,基础化工,涂料油墨颜料
276,603825.SH,传媒,互联网广告营销
277,603826.SH,建材,其他专用材料
278,603828.SH,建筑,建筑装修Ⅲ
279,603829.SH,电力设备及新能源,配电设备
280,603833.SH,轻工制造,家具
281,603838.SH,建材,陶瓷
282,603839.SH,纺织服装,中高端成人品牌服饰
283,603843.SH,建筑,基建建设
284,603848.SH,轻工制造,其他家居
285,603855.SH,机械,其他专用机械
286,603856.SH,机械,基础件
287,603858.SH,医药,中成药
288,603859.SH,电力设备及新能源,电力电子及自动化
289,603860.SH,机械,其他专用机械
290,603861.SH,电力设备及新能源,配电设备
291,603863.SH,轻工制造,造纸Ⅲ
292,603866.SH,食品饮料,休闲食品
293,603867.SH,基础化工,其他化学制品Ⅲ
294,603868.SH,家电,小家电Ⅲ
295,603869.SH,计算机,行业应用软件
296,603871.SH,交通运输,物流综合
297,603876.SH,有色金属,铝
298,603877.SH,纺织服装,大众成人品牌服饰
299,603878.SH,钢铁,特钢
300,603879.SH,基础化工,合成树脂
301,603880.SH,医药,医疗器械
302,603881.SH,计算机,云基础设施服务
303,603882.SH,医药,医疗服务
304,603883.SH,医药,医药流通
305,603885.SH,交通运输,航空
306,603886.SH,食品饮料,休闲食品
307,603887.SH,建筑,专业工程及其他
308,603888.SH,传媒,信息搜索与聚合
309,603889.SH,纺织服装,非棉纺织品
310,603890.SH,计算机,专用计算机设备
311,603893.SH,电子,集成电路
312,603895.SH,机械,其他专用机械
313,603896.SH,医药,中药饮片
314,603897.SH,电力设备及新能源,车用电机电控
315,603898.SH,轻工制造,家具
316,603899.SH,轻工制造,文娱轻工Ⅲ
317,603900.SH,商贸零售,珠宝首饰及钟表
318,603901.SH,机械,其他专用机械
319,603903.SH,电力及公用事业,环保及水务
320,603906.SH,基础化工,其他化学制品Ⅲ
321,603908.SH,纺织服装,体育及户外品牌
322,603909.SH,建筑,建筑设计及服务Ⅲ
323,603912.SH,机械,其他专用机械
324,603915.SH,机械,基础件
325,603916.SH,基础化工,其他化学制品Ⅲ
326,603917.SH,汽车,汽车零部件Ⅲ
327,603918.SH,计算机,行业应用软件
328,603919.SH,食品饮料,白酒
329,603920.SH,电子,PCB
330,603922.SH,汽车,汽车零部件Ⅲ
331,603926.SH,汽车,汽车零部件Ⅲ
332,603927.SH,计算机,行业应用软件
333,603928.SH,基础化工,合成树脂
334,603929.SH,建筑,专业工程及其他
335,603931.SH,基础化工,电子化学品
336,603933.SH,电子,其他电子零组件Ⅲ
337,603936.SH,电子,PCB
338,603937.SH,有色金属,铝
339,603938.SH,基础化工,无机盐
340,603939.SH,医药,医药流通
341,603948.SH,基础化工,其他化学制品Ⅲ
342,603949.SH,汽车,汽车零部件Ⅲ
343,603950.SH,汽车,汽车零部件Ⅲ
344,603955.SH,建筑,园林工程
345,603956.SH,机械,其他专用机械
346,603958.SH,纺织服装,大众成人品牌服饰
347,603959.SH,建筑,专业工程及其他
348,603960.SH,机械,其他专用机械
349,603963.SH,医药,中成药
350,603966.SH,机械,起重运输设备
351,603967.SH,交通运输,物流综合
352,603968.SH,基础化工,食品及饲料添加剂
353,603969.SH,钢铁,长材
354,603970.SH,基础化工,农药
355,603976.SH,轻工制造,其他包装
356,603977.SH,基础化工,民爆用品
357,603978.SH,有色金属,铝
358,603979.SH,有色金属,其他稀有金属
359,603980.SH,基础化工,印染化学品
360,603982.SH,汽车,汽车零部件Ⅲ
361,603983.SH,基础化工,日用化学品
362,603985.SH,机械,基础件
363,603986.SH,电子,集成电路
364,603987.SH,医药,医疗器械
365,603988.SH,电力设备及新能源,电机
366,603989.SH,电子,被动元件
367,603990.SH,计算机,行业应用软件
368,603991.SH,基础化工,其他塑料制品
369,603992.SH,轻工制造,其他家居
370,603993.SH,有色金属,其他稀有金属
371,603995.SH,钢铁,特钢
372,603996.SH,电子,消费电子设备
373,603997.SH,汽车,汽车零部件Ⅲ
374,603998.SH,医药,化学制剂
375,603999.SH,传媒,出版
376,605001.SH,机械,铁路交通设备
377,605003.SH,纺织服装,家纺
378,605006.SH,建材,玻璃纤维
379,605007.SH,轻工制造,纸包装
380,605008.SH,基础化工,其他塑料制品
381,605009.SH,轻工制造,造纸Ⅲ
382,605018.SH,汽车,汽车零部件Ⅲ
383,605050.SH,钢铁,贸易流通
384,605058.SH,电子,PCB
385,605066.SH,电力设备及新能源,配电设备
386,605068.SH,汽车,汽车零部件Ⅲ
387,605088.SH,汽车,汽车零部件Ⅲ
388,605099.SH,轻工制造,其他轻工Ⅲ
389,605100.SH,机械,其他通用机械
390,605108.SH,消费者服务,餐饮
391,605111.SH,电子,分立器件
392,605116.SH,医药,化学原料药
393,605118.SH,电子,安防
394,605123.SH,机械,其他专用机械
395,605128.SH,汽车,汽车零部件Ⅲ
396,605136.SH,商贸零售,电商及服务Ⅲ
397,605151.SH,汽车,汽车销售及服务Ⅲ
398,605155.SH,,
399,605158.SH,建材,其他结构材料
400,605166.SH,基础化工,绵纶
401,605168.SH,传媒,互联网广告营销
402,605169.SH,电力及公用事业,燃气
403,605177.SH,医药,化学原料药
404,605178.SH,建筑,专业工程及其他
405,605179.SH,食品饮料,乳制品
406,605183.SH,基础化工,其他化学制品Ⅲ
407,605186.SH,机械,其他专用机械
408,605188.SH,商贸零售,超市及便利店
409,605198.SH,食品饮料,非乳饮料
410,605199.SH,医药,化学制剂
411,605218.SH,电子,显示零组
412,605222.SH,电力设备及新能源,输变电设备
413,605255.SH,汽车,汽车零部件Ⅲ
414,605258.SH,电子,PCB
415,605266.SH,商贸零售,其他连锁
416,605288.SH,电力设备及新能源,电力电子及自动化
417,605299.SH,轻工制造,文娱轻工Ⅲ
418,605318.SH,建材,其他装饰材料
419,605333.SH,汽车,汽车零部件Ⅲ
420,605336.SH,家电,厨房电器Ⅲ
421,605338.SH,食品饮料,速冻食品
422,605358.SH,电子,集成电路
423,605366.SH,基础化工,其他化学制品Ⅲ
424,605369.SH,医药,医疗器械
425,605376.SH,有色金属,镍钴锡锑
426,605377.SH,建材,其他装饰材料
427,605388.SH,食品饮料,乳制品
428,605399.SH,基础化工,有机硅
429,605500.SH,轻工制造,纸包装
430,688001.SH,机械,仪器仪表Ⅲ
431,688002.SH,电子,集成电路
432,688003.SH,机械,仪器仪表Ⅲ
433,688004.SH,计算机,行业应用软件
434,688005.SH,电力设备及新能源,锂电池
435,688006.SH,机械,其他专用机械
436,688007.SH,电子,显示零组
437,688008.SH,电子,集成电路
438,688009.SH,机械,铁路交通设备
439,688010.SH,电子,显示零组
440,688011.SH,国防军工,其他军工Ⅲ
441,688012.SH,电子,半导体设备
442,688013.SH,医药,医疗器械
443,688015.SH,机械,铁路交通设备
444,688016.SH,医药,医疗器械
445,688017.SH,机械,其他通用机械
446,688018.SH,计算机,专用计算机设备
447,688019.SH,基础化工,电子化学品
448,688020.SH,电子,PCB
449,688021.SH,基础化工,其他化学制品Ⅲ
450,688022.SH,机械,其他专用机械
451,688023.SH,计算机,专用计算机设备
452,688025.SH,机械,激光加工设备
453,688026.SH,医药,医疗器械
454,688027.SH,通信,通信终端及配件
455,688028.SH,机械,基础件
456,688029.SH,医药,医疗器械
457,688030.SH,计算机,行业应用软件
458,688033.SH,机械,铁路交通设备
459,688036.SH,电子,消费电子设备
460,688037.SH,电子,半导体设备
461,688039.SH,计算机,行业应用软件
462,688050.SH,医药,医疗器械
463,688051.SH,计算机,行业应用软件
464,688055.SH,电子,面板
465,688056.SH,机械,仪器仪表Ⅲ
466,688057.SH,机械,其他专用机械
467,688058.SH,计算机,基础软件及管理办公软件
468,688060.SH,计算机,专用计算机设备
469,688063.SH,电力设备及新能源,储能
470,688065.SH,基础化工,其他化学制品Ⅲ
471,688066.SH,计算机,行业应用软件
472,688068.SH,医药,医疗器械
473,688069.SH,电力及公用事业,环保及水务
474,688077.SH,有色金属,稀土及磁性材料
475,688078.SH,计算机,行业应用软件
476,688080.SH,通信,其他通信设备
477,688081.SH,国防军工,其他军工Ⅲ
478,688085.SH,医药,医疗器械
479,688086.SH,计算机,通用计算机设备
480,688088.SH,计算机,新兴计算机软件
481,688089.SH,食品饮料,其他食品
482,688090.SH,机械,工业机器人及工控系统
483,688093.SH,电子,其他电子零组件Ⅲ
484,688095.SH,计算机,基础软件及管理办公软件
485,688096.SH,电力及公用事业,环保及水务
486,688098.SH,农林牧渔,动物疫苗及兽药
487,688099.SH,电子,集成电路
488,688100.SH,计算机,专用计算机设备
489,688101.SH,电力及公用事业,环保及水务
490,688106.SH,基础化工,其他化学制品Ⅲ
491,688108.SH,医药,医疗器械
492,688111.SH,计算机,云软件服务
493,688116.SH,基础化工,电子化学品
494,688118.SH,计算机,云平台服务
495,688122.SH,国防军工,其他军工Ⅲ
496,688123.SH,电子,集成电路
497,688126.SH,电子,半导体材料
498,688127.SH,电子,显示零组
499,688128.SH,机械,其他专用机械
500,688129.SH,基础化工,涂料油墨颜料
501,688133.SH,医药,医疗服务
502,688135.SH,电子,集成电路
503,688136.SH,医药,生物医药Ⅲ
504,688138.SH,电子,半导体材料
505,688139.SH,医药,医疗器械
506,688155.SH,机械,工业机器人及工控系统
507,688156.SH,电力及公用事业,环保及水务
508,688157.SH,基础化工,涂料油墨颜料
509,688158.SH,计算机,云基础设施服务
510,688159.SH,通信,通信终端及配件
511,688160.SH,机械,工业机器人及工控系统
512,688165.SH,机械,工业机器人及工控系统
513,688166.SH,医药,化学制剂
514,688168.SH,计算机,通用计算机设备
515,688169.SH,机械,服务机器人
516,688177.SH,医药,生物医药Ⅲ
517,688178.SH,电力及公用事业,环保及水务
518,688179.SH,医药,化学原料药
519,688180.SH,医药,生物医药Ⅲ
520,688181.SH,电子,显示零组
521,688185.SH,医药,生物医药Ⅲ
522,688186.SH,钢铁,特钢
523,688188.SH,计算机,专用计算机设备
524,688189.SH,医药,化学制剂
525,688196.SH,基础化工,其他化学制品Ⅲ
526,688198.SH,医药,医疗器械
527,688199.SH,基础化工,其他化学制品Ⅲ
528,688200.SH,电子,半导体设备
529,688202.SH,医药,医疗服务
530,688208.SH,计算机,专用计算机设备
531,688215.SH,机械,其他专用机械
532,688218.SH,机械,工业机器人及工控系统
533,688219.SH,基础化工,改性塑料
534,688221.SH,医药,生物医药Ⅲ
535,688222.SH,医药,医疗服务
536,688228.SH,计算机,行业应用软件
537,688229.SH,计算机,行业应用软件
538,688233.SH,电子,半导体材料
539,688256.SH,电子,集成电路
540,688258.SH,计算机,基础软件及管理办公软件
541,688266.SH,医药,化学制剂
542,688268.SH,基础化工,其他化学制品Ⅲ
543,688277.SH,医药,医疗器械
544,688278.SH,医药,生物医药Ⅲ
545,688286.SH,电子,集成电路
546,688288.SH,计算机,专用计算机设备
547,688289.SH,医药,医疗器械
548,688298.SH,医药,医疗器械
549,688299.SH,电子,面板
550,688300.SH,基础化工,其他化学原料
551,688301.SH,医药,医疗器械
552,688308.SH,机械,其他通用机械
553,688309.SH,机械,其他专用机械
554,688310.SH,机械,其他专用机械
555,688311.SH,通信,通信终端及配件
556,688312.SH,机械,其他专用机械
557,688313.SH,通信,线缆
558,688318.SH,计算机,行业应用软件
559,688321.SH,医药,化学制剂
560,688330.SH,电力设备及新能源,电力电子及自动化
561,688333.SH,机械,其他通用机械
562,688335.SH,电力及公用事业,环保及水务
563,688336.SH,医药,生物医药Ⅲ
564,688338.SH,医药,医疗服务
565,688339.SH,电力设备及新能源,燃料电池
566,688356.SH,医药,化学原料药
567,688357.SH,基础化工,其他化学制品Ⅲ
568,688358.SH,医药,医疗器械
569,688360.SH,机械,其他专用机械
570,688363.SH,医药,生物医药Ⅲ
571,688365.SH,计算机,行业应用软件
572,688366.SH,医药,医疗器械
573,688368.SH,电子,集成电路
574,688369.SH,计算机,行业应用软件
575,688377.SH,机械,油气装备
576,688378.SH,机械,3C设备
577,688379.SH,基础化工,其他化学制品Ⅲ
578,688386.SH,基础化工,膜材料
579,688388.SH,电子,其他电子零组件Ⅲ
580,688389.SH,医药,医疗器械
581,688390.SH,电力设备及新能源,输变电设备
582,688393.SH,医药,医疗器械
583,688396.SH,电子,集成电路
584,688398.SH,基础化工,其他化学制品Ⅲ
585,688399.SH,医药,医疗器械
586,688408.SH,机械,光伏设备
587,688418.SH,通信,其他通信设备
588,688466.SH,电力及公用事业,环保及水务
589,688488.SH,医药,生物医药Ⅲ
590,688500.SH,计算机,行业应用软件
591,688505.SH,医药,化学制剂
592,688508.SH,电子,集成电路
593,688510.SH,国防军工,航空军工
594,688513.SH,医药,化学制剂
595,688516.SH,机械,光伏设备
596,688518.SH,机械,激光加工设备
597,688519.SH,电子,PCB
598,688520.SH,医药,生物医药Ⅲ
599,688521.SH,电子,集成电路
600,688526.SH,农林牧渔,动物疫苗及兽药
601,688528.SH,机械,仪器仪表Ⅲ
602,688529.SH,机械,其他专用机械
603,688536.SH,电子,集成电路
604,688550.SH,基础化工,电子化学品
605,688551.SH,电力设备及新能源,综合能源设备
606,688555.SH,计算机,行业应用软件
607,688556.SH,机械,机床设备
608,688557.SH,机械,其他专用机械
609,688558.SH,机械,机床设备
610,688559.SH,机械,3C设备
611,688560.SH,基础化工,膜材料
612,688561.SH,计算机,专用计算机设备
613,688566.SH,医药,化学制剂
614,688567.SH,电力设备及新能源,锂电池
615,688568.SH,计算机,云平台服务
616,688569.SH,机械,铁路交通设备
617,688571.SH,基础化工,涂料油墨颜料
618,688577.SH,机械,机床设备
619,688578.SH,医药,化学制剂
620,688579.SH,计算机,行业应用软件
621,688580.SH,医药,医疗器械
622,688585.SH,基础化工,合成树脂
623,688586.SH,国防军工,航空军工
624,688588.SH,计算机,行业应用软件
625,688589.SH,电子,集成电路
626,688590.SH,计算机,咨询实施及其他服务
627,688595.SH,电子,集成电路
628,688596.SH,机械,其他专用机械
629,688598.SH,基础化工,碳纤维
630,688599.SH,电力设备及新能源,太阳能
631,688600.SH,机械,仪器仪表Ⅲ
632,688608.SH,电子,集成电路
633,688618.SH,通信,系统设备
634,688658.SH,医药,化学制剂
635,688668.SH,电子,其他电子零组件Ⅲ
636,688678.SH,汽车,汽车零部件Ⅲ
637,688679.SH,电力及公用事业,环保及水务
638,688686.SH,电子,安防
639,688698.SH,电力设备及新能源,电力电子及自动化
640,688699.SH,电子,集成电路
641,688777.SH,计算机,行业应用软件
642,688788.SH,国防军工,其他军工Ⅲ
643,688981.SH,电子,集成电路
644,689009.SH,机械,服务机器人
645,830799.BJ,,
646,830839.BJ,,
647,830946.BJ,,
648,830964.BJ,,
649,831010.BJ,,
650,831370.BJ,,
651,831445.BJ,,
652,831856.BJ,,
653,831961.BJ,,
654,832000.BJ,,
655,832278.BJ,,
656,832317.BJ,,
657,833266.BJ,,
658,833819.BJ,,
659,833874.BJ,,
660,833994.BJ,,
661,834021.BJ,,
662,834415.BJ,,
663,834475.BJ,,
664,834682.BJ,,
665,835184.BJ,,
666,835185.BJ,,
667,835368.BJ,,
668,835508.BJ,,
669,835640.BJ,,
670,835670.BJ,,
671,836149.BJ,,
672,836263.BJ,,
673,836433.BJ,,
674,836675.BJ,,
675,837242.BJ,,
676,838030.BJ,,
677,838163.BJ,,
678,839167.BJ,,
679,839729.BJ,,
680,871396.BJ,,
0,000001.SZ,银行,全国性股份制银行Ⅲ
1,000002.SZ,房地产,住宅物业开发
2,000004.SZ,医药,化学制剂
3,000005.SZ,电力及公用事业,环保及水务
4,000006.SZ,房地产,住宅物业开发
5,000007.SZ,房地产,非住宅物业开发和运营
6,000008.SZ,机械,铁路交通设备
7,000009.SZ,综合,综合Ⅲ
8,000010.SZ,建筑,园林工程
9,000011.SZ,房地产,住宅物业开发
10,000012.SZ,建材,玻璃
11,000014.SZ,房地产,住宅物业开发
12,000016.SZ,家电,黑色家电Ⅲ
13,000017.SZ,机械,其他运输设备
14,000019.SZ,农林牧渔,农产品加工Ⅲ
15,000020.SZ,电子,面板
16,000021.SZ,电子,消费电子组件
17,000023.SZ,建材,水泥
18,000025.SZ,综合,综合Ⅲ
19,000026.SZ,商贸零售,珠宝首饰及钟表
20,000027.SZ,电力及公用事业,火电
21,000028.SZ,医药,医药流通
22,000029.SZ,房地产,住宅物业开发
23,000030.SZ,汽车,汽车零部件Ⅲ
24,000031.SZ,房地产,住宅物业开发
25,000032.SZ,通信,通信终端及配件
26,000034.SZ,计算机,咨询实施及其他服务
27,000035.SZ,电力及公用事业,环保及水务
28,000036.SZ,房地产,住宅物业开发
29,000037.SZ,电力及公用事业,火电
30,000038.SZ,传媒,互联网广告营销
31,000039.SZ,机械,其他运输设备
32,000040.SZ,电力及公用事业,环保及水务
33,000042.SZ,房地产,住宅物业开发
34,000045.SZ,电子,显示零组
35,000046.SZ,房地产,住宅物业开发
36,000048.SZ,农林牧渔,饲料加工
37,000049.SZ,电子,消费电子组件
38,000050.SZ,电子,面板
39,000055.SZ,建材,其他专用材料
40,000056.SZ,房地产,非住宅物业开发和运营
41,000058.SZ,房地产,非住宅物业开发和运营
42,000059.SZ,石油石化,炼油
43,000060.SZ,有色金属,铅锌
44,000061.SZ,农林牧渔,农产品加工Ⅲ
45,000062.SZ,房地产,非住宅物业开发和运营
46,000063.SZ,通信,系统设备
47,000065.SZ,建筑,专业工程及其他
48,000066.SZ,计算机,通用计算机设备
49,000068.SZ,电力及公用事业,环保及水务
50,000069.SZ,房地产,非住宅物业开发和运营
51,000070.SZ,通信,线缆
52,000078.SZ,医药,医药流通
53,000088.SZ,交通运输,公路
54,000089.SZ,交通运输,机场
55,000090.SZ,建筑,房建建设
56,000096.SZ,石油石化,油品销售及仓储
57,000099.SZ,交通运输,航空
58,000100.SZ,电子,面板
59,000150.SZ,医药,医疗服务
60,000151.SZ,商贸零售,贸易Ⅲ
61,000153.SZ,医药,化学制剂
62,000155.SZ,商贸零售,贸易Ⅲ
63,000156.SZ,传媒,广播电视
64,000157.SZ,机械,工程机械Ⅲ
65,000158.SZ,计算机,行业应用软件
66,000159.SZ,石油石化,油品销售及仓储
67,000166.SZ,非银行金融,证券Ⅲ
68,000301.SZ,石油石化,其他石化
69,000333.SZ,家电,白色家电Ⅲ
70,000338.SZ,汽车,汽车零部件Ⅲ
71,000400.SZ,电力设备及新能源,输变电设备
72,000401.SZ,建材,水泥
73,000402.SZ,房地产,非住宅物业开发和运营
74,000403.SZ,医药,生物医药Ⅲ
75,000404.SZ,家电,其他家电
76,000407.SZ,电力及公用事业,燃气
77,000408.SZ,基础化工,钾肥
78,000409.SZ,综合,综合Ⅲ
79,000410.SZ,机械,机床设备
80,000411.SZ,医药,医药流通
81,000413.SZ,电子,显示零组
82,000415.SZ,非银行金融,租赁
83,000416.SZ,非银行金融,其他非银金融
84,000417.SZ,商贸零售,综合业态
85,000419.SZ,商贸零售,百货
86,000420.SZ,基础化工,粘胶
87,000421.SZ,电力及公用事业,燃气
88,000422.SZ,基础化工,氮肥
89,000423.SZ,医药,中成药
90,000425.SZ,机械,工程机械Ⅲ
91,000426.SZ,有色金属,铅锌
92,000428.SZ,消费者服务,酒店
93,000429.SZ,交通运输,公路
94,000430.SZ,消费者服务,景区
95,000488.SZ,轻工制造,造纸Ⅲ
96,000498.SZ,建筑,基建建设
97,000501.SZ,商贸零售,百货
98,000502.SZ,房地产,住宅物业开发
99,000503.SZ,医药,医疗服务
100,000504.SZ,综合,综合Ⅲ
101,000505.SZ,农林牧渔,农产品加工Ⅲ
102,000506.SZ,房地产,住宅物业开发
103,000507.SZ,交通运输,港口
104,000509.SZ,综合,综合Ⅲ
105,000510.SZ,基础化工,氯碱
106,000513.SZ,医药,化学制剂
107,000514.SZ,房地产,住宅物业开发
108,000516.SZ,医药,医疗服务
109,000517.SZ,房地产,住宅物业开发
110,000518.SZ,医药,生物医药Ⅲ
111,000519.SZ,国防军工,兵器兵装Ⅲ
112,000520.SZ,交通运输,航运
113,000521.SZ,家电,白色家电Ⅲ
114,000523.SZ,基础化工,日用化学品
115,000524.SZ,消费者服务,旅游服务
116,000525.SZ,基础化工,农药
117,000526.SZ,消费者服务,K12培训
118,000528.SZ,机械,工程机械Ⅲ
119,000529.SZ,传媒,出版
120,000530.SZ,机械,其他通用机械
121,000531.SZ,电力及公用事业,火电
122,000532.SZ,电子,其他电子零组件Ⅲ
123,000533.SZ,电力设备及新能源,输变电设备
124,000534.SZ,房地产,住宅物业开发
125,000536.SZ,电子,显示零组
126,000537.SZ,房地产,住宅物业开发
127,000538.SZ,医药,中成药
128,000539.SZ,电力及公用事业,火电
129,000540.SZ,房地产,住宅物业开发
130,000541.SZ,家电,照明电工
131,000543.SZ,电力及公用事业,火电
132,000544.SZ,电力及公用事业,环保及水务
133,000545.SZ,基础化工,钛白粉
134,000546.SZ,建材,水泥
135,000547.SZ,国防军工,航天军工
136,000548.SZ,交通运输,公路
137,000550.SZ,汽车,卡车
138,000551.SZ,电力设备及新能源,输变电设备
139,000552.SZ,煤炭,动力煤
140,000553.SZ,基础化工,农药
141,000554.SZ,石油石化,油品销售及仓储
142,000555.SZ,计算机,行业应用软件
143,000557.SZ,交通运输,物流综合
144,000558.SZ,房地产,住宅物业开发
145,000559.SZ,汽车,汽车零部件Ⅲ
146,000560.SZ,房地产,物业经纪服务
147,000561.SZ,国防军工,其他军工Ⅲ
148,000563.SZ,非银行金融,信托
149,000564.SZ,商贸零售,百货
150,000565.SZ,基础化工,涂料油墨颜料
151,000566.SZ,医药,化学制剂
152,000567.SZ,综合金融,多领域控股Ⅲ
153,000568.SZ,食品饮料,白酒
154,000570.SZ,机械,其他通用机械
155,000571.SZ,综合,综合Ⅲ
156,000572.SZ,汽车,乘用车Ⅲ
157,000573.SZ,房地产,住宅物业开发
158,000576.SZ,食品饮料,调味品
159,000581.SZ,汽车,汽车零部件Ⅲ
160,000582.SZ,交通运输,港口
161,000584.SZ,机械,工业机器人及工控系统
162,000585.SZ,电力设备及新能源,输变电设备
163,000586.SZ,通信,线缆
164,000587.SZ,商贸零售,珠宝首饰及钟表
165,000589.SZ,基础化工,轮胎
166,000590.SZ,医药,中成药
167,000591.SZ,电力设备及新能源,太阳能
168,000592.SZ,农林牧渔,林木及加工
169,000593.SZ,电力及公用事业,燃气
170,000595.SZ,机械,基础件
171,000596.SZ,食品饮料,白酒
172,000597.SZ,医药,化学原料药
173,000598.SZ,电力及公用事业,环保及水务
174,000599.SZ,基础化工,轮胎
175,000600.SZ,电力及公用事业,火电
176,000601.SZ,电力及公用事业,水电
177,000603.SZ,有色金属,铅锌
178,000605.SZ,电力及公用事业,环保及水务
179,000606.SZ,计算机,咨询实施及其他服务
180,000607.SZ,传媒,其他广告营销
181,000608.SZ,房地产,非住宅物业开发和运营
182,000609.SZ,房地产,住宅物业开发
183,000610.SZ,消费者服务,休闲综合
184,000611.SZ,商贸零售,贸易Ⅲ
185,000612.SZ,有色金属,铝
186,000613.SZ,消费者服务,酒店
187,000615.SZ,房地产,住宅物业开发
188,000616.SZ,房地产,住宅物业开发
189,000617.SZ,非银行金融,其他非银金融
190,000619.SZ,建材,其他装饰材料
191,000620.SZ,房地产,住宅物业开发
192,000622.SZ,综合,综合Ⅲ
193,000623.SZ,非银行金融,证券Ⅲ
194,000625.SZ,汽车,乘用车Ⅲ
195,000626.SZ,商贸零售,贸易Ⅲ
196,000627.SZ,非银行金融,保险Ⅲ
197,000628.SZ,建筑,房建建设
198,000629.SZ,钢铁,钢铁耗材
199,000630.SZ,有色金属,铜
200,000631.SZ,房地产,住宅物业开发
201,000632.SZ,商贸零售,贸易Ⅲ
202,000633.SZ,有色金属,镍钴锡锑
203,000635.SZ,基础化工,氯碱
204,000636.SZ,电子,被动元件
205,000637.SZ,石油石化,炼油
206,000638.SZ,综合,综合Ⅲ
207,000639.SZ,食品饮料,其他食品
208,000650.SZ,医药,中成药
209,000651.SZ,家电,白色家电Ⅲ
210,000652.SZ,综合,综合Ⅲ
211,000655.SZ,钢铁,铁矿石
212,000656.SZ,房地产,住宅物业开发
213,000657.SZ,有色金属,钨
214,000659.SZ,轻工制造,其他包装
215,000661.SZ,医药,生物医药Ⅲ
216,000662.SZ,计算机,行业应用软件
217,000663.SZ,轻工制造,家具
218,000665.SZ,传媒,广播电视
219,000666.SZ,非银行金融,信托
220,000667.SZ,房地产,住宅物业开发
221,000668.SZ,房地产,住宅物业开发
222,000669.SZ,电力及公用事业,燃气
223,000670.SZ,电子,集成电路
224,000671.SZ,房地产,住宅物业开发
225,000672.SZ,建材,水泥
226,000673.SZ,传媒,其他文化娱乐
227,000676.SZ,传媒,互联网广告营销
228,000677.SZ,基础化工,粘胶
229,000678.SZ,汽车,汽车零部件Ⅲ
230,000679.SZ,商贸零售,百货
231,000680.SZ,机械,工程机械Ⅲ
232,000681.SZ,传媒,信息搜索与聚合
233,000682.SZ,电力设备及新能源,电力电子及自动化
234,000683.SZ,基础化工,纯碱
235,000685.SZ,电力及公用事业,环保及水务
236,000686.SZ,非银行金融,证券Ⅲ
237,000687.SZ,国防军工,其他军工Ⅲ
238,000688.SZ,有色金属,铅锌
239,000690.SZ,电力及公用事业,火电
240,000691.SZ,房地产,住宅物业开发
241,000692.SZ,电力及公用事业,供热或其他
242,000695.SZ,轻工制造,印刷
243,000697.SZ,国防军工,航空军工
244,000698.SZ,石油石化,炼油
245,000700.SZ,汽车,汽车零部件Ⅲ
246,000701.SZ,电子,LED
247,000702.SZ,农林牧渔,饲料加工
248,000703.SZ,石油石化,其他石化
249,000705.SZ,医药,医药流通
250,000707.SZ,基础化工,纯碱
251,000708.SZ,钢铁,特钢
252,000709.SZ,钢铁,板材
253,000710.SZ,医药,生物医药Ⅲ
254,000711.SZ,电力及公用事业,环保及水务
255,000712.SZ,非银行金融,证券Ⅲ
256,000713.SZ,农林牧渔,种业
257,000715.SZ,商贸零售,百货
258,000716.SZ,食品饮料,休闲食品
259,000717.SZ,钢铁,长材
260,000718.SZ,房地产,住宅物业开发
261,000719.SZ,传媒,出版
262,000720.SZ,电力及公用事业,火电
263,000721.SZ,消费者服务,餐饮
264,000722.SZ,电力及公用事业,水电
265,000723.SZ,煤炭,焦炭
266,000725.SZ,电子,面板
267,000726.SZ,纺织服装,棉纺制品
268,000727.SZ,电子,消费电子组件
269,000728.SZ,非银行金融,证券Ⅲ
270,000729.SZ,食品饮料,啤酒
271,000731.SZ,基础化工,氮肥
272,000732.SZ,房地产,住宅物业开发
273,000733.SZ,国防军工,其他军工Ⅲ
274,000735.SZ,农林牧渔,畜牧养殖
275,000736.SZ,房地产,住宅物业开发
276,000737.SZ,基础化工,日用化学品
277,000738.SZ,国防军工,航天军工
278,000739.SZ,医药,化学原料药
279,000750.SZ,非银行金融,证券Ⅲ
280,000751.SZ,有色金属,铅锌
281,000752.SZ,食品饮料,啤酒
282,000753.SZ,综合,综合Ⅲ
283,000755.SZ,交通运输,公路
284,000756.SZ,医药,化学原料药
285,000757.SZ,汽车,汽车销售及服务Ⅲ
286,000758.SZ,有色金属,铅锌
287,000759.SZ,商贸零售,超市及便利店
288,000760.SZ,机械,其他通用机械
289,000761.SZ,钢铁,板材
290,000762.SZ,有色金属,其他稀有金属
291,000766.SZ,医药,中成药
292,000767.SZ,电力及公用事业,火电
293,000768.SZ,国防军工,航空军工
294,000776.SZ,非银行金融,证券Ⅲ
295,000777.SZ,电力设备及新能源,核电
296,000778.SZ,钢铁,长材
297,000779.SZ,建筑,建筑设计及服务Ⅲ
298,000780.SZ,煤炭,动力煤
299,000782.SZ,基础化工,绵纶
300,000783.SZ,非银行金融,证券Ⅲ
301,000785.SZ,商贸零售,专业市场经营Ⅲ
302,000786.SZ,建材,其他装饰材料
303,000788.SZ,医药,化学原料药
304,000789.SZ,建材,水泥
305,000790.SZ,医药,中成药
306,000791.SZ,电力及公用事业,水电
307,000792.SZ,基础化工,钾肥
308,000793.SZ,传媒,出版
309,000795.SZ,建材,其他专用材料
310,000796.SZ,消费者服务,旅游服务
311,000797.SZ,房地产,住宅物业开发
312,000798.SZ,农林牧渔,水产捕捞
313,000799.SZ,食品饮料,白酒
314,000800.SZ,汽车,乘用车Ⅲ
315,000801.SZ,家电,黑色家电Ⅲ
316,000802.SZ,传媒,影视
317,000803.SZ,综合,综合Ⅲ
318,000806.SZ,电力设备及新能源,电力电子及自动化
319,000807.SZ,有色金属,铝
320,000809.SZ,房地产,住宅物业开发
321,000810.SZ,通信,通信终端及配件
322,000811.SZ,电力设备及新能源,燃料电池
323,000812.SZ,轻工制造,纸包装
324,000813.SZ,医药,医药流通
325,000815.SZ,轻工制造,造纸Ⅲ
326,000816.SZ,机械,其他通用机械
327,000818.SZ,基础化工,氯碱
328,000819.SZ,石油石化,其他石化
329,000820.SZ,电力及公用事业,环保及水务
330,000821.SZ,机械,其他专用机械
331,000822.SZ,基础化工,纯碱
332,000823.SZ,电子,PCB
333,000825.SZ,钢铁,板材
334,000826.SZ,电力及公用事业,环保及水务
335,000828.SZ,交通运输,公路
336,000829.SZ,商贸零售,家电3C
337,000830.SZ,基础化工,氮肥
338,000831.SZ,有色金属,稀土及磁性材料
339,000833.SZ,轻工制造,其他轻工Ⅲ
340,000835.SZ,传媒,动漫
341,000836.SZ,通信,线缆
342,000837.SZ,机械,机床设备
343,000838.SZ,房地产,住宅物业开发
344,000839.SZ,综合,综合Ⅲ
345,000848.SZ,食品饮料,非乳饮料
346,000850.SZ,纺织服装,非棉纺织品
347,000851.SZ,通信,通信终端及配件
348,000852.SZ,机械,油气装备
349,000856.SZ,机械,其他专用机械
350,000858.SZ,食品饮料,白酒
351,000859.SZ,基础化工,膜材料
352,000860.SZ,食品饮料,白酒
353,000861.SZ,商贸零售,专业市场经营Ⅲ
354,000862.SZ,电力设备及新能源,风电
355,000863.SZ,房地产,住宅物业开发
356,000868.SZ,汽车,客车
357,000869.SZ,食品饮料,其他酒
358,000875.SZ,电力及公用事业,火电
359,000876.SZ,农林牧渔,畜牧养殖
360,000877.SZ,建材,水泥
361,000878.SZ,有色金属,铜
362,000880.SZ,机械,其他通用机械
363,000881.SZ,电力设备及新能源,核电
364,000882.SZ,商贸零售,百货
365,000883.SZ,电力及公用事业,火电
366,000885.SZ,交通运输,公路
367,000886.SZ,交通运输,公路
368,000887.SZ,汽车,汽车零部件Ⅲ
369,000888.SZ,消费者服务,景区
370,000889.SZ,通信,增值服务Ⅲ
371,000890.SZ,综合,综合Ⅲ
372,000892.SZ,传媒,影视
373,000893.SZ,基础化工,钾肥
374,000895.SZ,食品饮料,肉制品
375,000897.SZ,房地产,园区综合开发
376,000898.SZ,钢铁,板材
377,000899.SZ,电力及公用事业,火电
378,000900.SZ,交通运输,公路
379,000901.SZ,国防军工,航天军工
380,000902.SZ,基础化工,复合肥
381,000903.SZ,汽车,汽车零部件Ⅲ
382,000905.SZ,交通运输,港口
383,000906.SZ,钢铁,贸易流通
384,000908.SZ,医药,化学制剂
385,000909.SZ,综合,综合Ⅲ
386,000910.SZ,轻工制造,其他家居
387,000911.SZ,农林牧渔,农产品加工Ⅲ
388,000912.SZ,基础化工,氮肥
389,000913.SZ,汽车,摩托车及其他Ⅲ
390,000915.SZ,医药,化学制剂
391,000917.SZ,传媒,其他广告营销
392,000918.SZ,房地产,住宅物业开发
393,000919.SZ,医药,中成药
394,000920.SZ,电力及公用事业,环保及水务
395,000921.SZ,家电,白色家电Ⅲ
396,000922.SZ,电力设备及新能源,电机
397,000923.SZ,钢铁,铁矿石
398,000925.SZ,机械,铁路交通设备
399,000926.SZ,房地产,住宅物业开发
400,000927.SZ,汽车,乘用车Ⅲ
401,000928.SZ,建筑,基建建设
402,000929.SZ,食品饮料,啤酒
403,000930.SZ,农林牧渔,农产品加工Ⅲ
404,000931.SZ,综合,综合Ⅲ
405,000932.SZ,钢铁,板材
406,000933.SZ,有色金属,铝
407,000935.SZ,建材,水泥
408,000936.SZ,基础化工,涤纶
409,000937.SZ,煤炭,炼焦煤
410,000938.SZ,计算机,通用计算机设备
411,000948.SZ,计算机,行业应用软件
412,000949.SZ,基础化工,粘胶
413,000950.SZ,医药,医药流通
414,000951.SZ,汽车,卡车
415,000952.SZ,医药,化学原料药
416,000953.SZ,基础化工,氮肥
417,000955.SZ,纺织服装,非棉纺织品
418,000957.SZ,汽车,客车
419,000958.SZ,电力及公用事业,火电
420,000959.SZ,钢铁,板材
421,000960.SZ,有色金属,镍钴锡锑
422,000961.SZ,房地产,住宅物业开发
423,000962.SZ,有色金属,其他稀有金属
424,000963.SZ,医药,医药流通
425,000965.SZ,房地产,住宅物业开发
426,000966.SZ,电力及公用事业,火电
427,000967.SZ,电力及公用事业,环保及水务
428,000968.SZ,石油石化,石油开采Ⅲ
429,000969.SZ,电力设备及新能源,燃料电池
430,000970.SZ,电子,其他电子零组件Ⅲ
431,000971.SZ,通信,增值服务Ⅲ
432,000972.SZ,农林牧渔,农产品加工Ⅲ
433,000973.SZ,基础化工,膜材料
434,000975.SZ,有色金属,黄金
435,000976.SZ,机械,铁路交通设备
436,000977.SZ,计算机,通用计算机设备
437,000978.SZ,消费者服务,景区
438,000980.SZ,汽车,汽车零部件Ⅲ
439,000981.SZ,综合,综合Ⅲ
440,000982.SZ,纺织服装,非棉纺织品
441,000983.SZ,煤炭,炼焦煤
442,000985.SZ,石油石化,其他石化
443,000987.SZ,非银行金融,其他非银金融
444,000988.SZ,电子,消费电子组件
445,000989.SZ,医药,中成药
446,000990.SZ,基础化工,合成树脂
447,000993.SZ,电力及公用事业,水电
448,000995.SZ,食品饮料,白酒
449,000996.SZ,综合金融,多领域控股Ⅲ
450,000997.SZ,计算机,专用计算机设备
451,000998.SZ,农林牧渔,种业
452,000999.SZ,医药,中成药
453,001696.SZ,机械,其他通用机械
454,001872.SZ,交通运输,港口
455,001896.SZ,电力及公用事业,火电
456,001914.SZ,房地产,物业管理服务
457,001965.SZ,交通运输,公路
458,001979.SZ,房地产,园区综合开发
459,002001.SZ,医药,化学原料药
460,002002.SZ,电力设备及新能源,燃料电池
461,002003.SZ,纺织服装,其他纺织
462,002004.SZ,基础化工,农药
463,002005.SZ,电子,LED
464,002006.SZ,机械,光伏设备
465,002007.SZ,医药,生物医药Ⅲ
466,002008.SZ,电子,消费电子设备
467,002009.SZ,机械,其他专用机械
468,002010.SZ,交通运输,物流综合
469,002011.SZ,机械,其他通用机械
470,002012.SZ,轻工制造,造纸Ⅲ
471,002013.SZ,国防军工,航空军工
472,002014.SZ,轻工制造,其他包装
473,002015.SZ,电力及公用事业,其他发电
474,002016.SZ,房地产,住宅物业开发
475,002017.SZ,通信,通信终端及配件
476,002019.SZ,医药,化学原料药
477,002020.SZ,医药,化学原料药
478,002021.SZ,机械,纺织服装机械
479,002022.SZ,医药,生物医药Ⅲ
480,002023.SZ,机械,其他运输设备
481,002024.SZ,商贸零售,电商及服务Ⅲ
482,002025.SZ,国防军工,航天军工
483,002026.SZ,机械,基础件
484,002027.SZ,传媒,其他广告营销
485,002028.SZ,电力设备及新能源,输变电设备
486,002029.SZ,纺织服装,中高端成人品牌服饰
487,002030.SZ,医药,生物医药Ⅲ
488,002031.SZ,机械,其他专用机械
489,002032.SZ,家电,小家电Ⅲ
490,002033.SZ,消费者服务,景区
491,002034.SZ,电力及公用事业,环保及水务
492,002035.SZ,家电,厨房电器Ⅲ
493,002036.SZ,电子,消费电子组件
494,002037.SZ,基础化工,民爆用品
495,002038.SZ,医药,生物医药Ⅲ
496,002039.SZ,电力及公用事业,水电
497,002040.SZ,交通运输,港口
498,002041.SZ,农林牧渔,种业
499,002042.SZ,纺织服装,棉纺制品
500,002043.SZ,建材,其他装饰材料
501,002044.SZ,医药,医疗服务
502,002045.SZ,电子,消费电子组件
503,002046.SZ,机械,基础件
504,002047.SZ,建筑,建筑装修Ⅲ
505,002048.SZ,汽车,汽车零部件Ⅲ
506,002049.SZ,电子,集成电路
507,002050.SZ,家电,其他家电
508,002051.SZ,建筑,基建建设
509,002052.SZ,电子,其他电子零组件Ⅲ
510,002053.SZ,基础化工,食品及饲料添加剂
511,002054.SZ,基础化工,印染化学品
512,002055.SZ,电子,消费电子组件
513,002056.SZ,电子,消费电子组件
514,002057.SZ,钢铁,特钢
515,002058.SZ,电力设备及新能源,电力电子及自动化
516,002059.SZ,消费者服务,休闲综合
517,002060.SZ,建筑,基建建设
518,002061.SZ,建筑,基建建设
519,002062.SZ,建筑,基建建设
520,002063.SZ,计算机,行业应用软件
521,002064.SZ,基础化工,氨纶
522,002065.SZ,计算机,行业应用软件
523,002066.SZ,建材,其他专用材料
524,002067.SZ,轻工制造,造纸Ⅲ
525,002068.SZ,基础化工,橡胶助剂
526,002069.SZ,农林牧渔,水产养殖
527,002071.SZ,传媒,影视
528,002072.SZ,计算机,云基础设施服务
529,002073.SZ,机械,其他专用机械
530,002074.SZ,电力设备及新能源,锂电池
531,002075.SZ,钢铁,特钢
532,002076.SZ,家电,照明电工
533,002077.SZ,房地产,园区综合开发
534,002078.SZ,轻工制造,造纸Ⅲ
535,002079.SZ,电子,分立器件
536,002080.SZ,建材,玻璃纤维
537,002081.SZ,建筑,建筑装修Ⅲ
538,002082.SZ,有色金属,铝
539,002083.SZ,纺织服装,棉纺制品
540,002084.SZ,轻工制造,其他家居
541,002085.SZ,汽车,汽车零部件Ⅲ
542,002086.SZ,农林牧渔,水产品加工
543,002087.SZ,纺织服装,棉纺制品
544,002088.SZ,建材,其他专用材料
545,002089.SZ,通信,网络接配及塔设
546,002090.SZ,电力设备及新能源,电力电子及自动化
547,002091.SZ,商贸零售,贸易Ⅲ
548,002092.SZ,基础化工,氯碱
549,002093.SZ,通信,网络规划设计和工程施工
550,002094.SZ,基础化工,日用化学品
551,002095.SZ,传媒,信息搜索与聚合
552,002096.SZ,基础化工,民爆用品
553,002097.SZ,机械,工程机械Ⅲ
554,002098.SZ,纺织服装,其他纺织
555,002099.SZ,医药,化学原料药
556,002100.SZ,农林牧渔,畜牧养殖
557,002101.SZ,汽车,汽车零部件Ⅲ
558,002102.SZ,商贸零售,贸易Ⅲ
559,002103.SZ,传媒,互联网广告营销
560,002104.SZ,通信,通信终端及配件
561,002105.SZ,机械,其他运输设备
562,002106.SZ,电子,显示零组
563,002107.SZ,医药,中成药
564,002108.SZ,基础化工,膜材料
565,002109.SZ,基础化工,其他化学原料
566,002110.SZ,钢铁,长材
567,002111.SZ,国防军工,航空军工
568,002112.SZ,电力设备及新能源,输变电设备
569,002113.SZ,传媒,游戏
570,002114.SZ,有色金属,铅锌
571,002115.SZ,通信,网络覆盖优化与运维
572,002116.SZ,建筑,专业工程及其他
573,002117.SZ,轻工制造,印刷
574,002118.SZ,医药,中成药
575,002119.SZ,电子,半导体材料
576,002120.SZ,交通运输,快递
577,002121.SZ,电力设备及新能源,储能
578,002122.SZ,机械,基础件
579,002123.SZ,通信,增值服务Ⅲ
580,002124.SZ,农林牧渔,畜牧养殖
581,002125.SZ,基础化工,无机盐
582,002126.SZ,汽车,汽车零部件Ⅲ
583,002127.SZ,商贸零售,电商及服务Ⅲ
584,002128.SZ,煤炭,动力煤
585,002129.SZ,电力设备及新能源,太阳能
586,002130.SZ,电子,其他电子零组件Ⅲ
587,002131.SZ,传媒,互联网广告营销
588,002132.SZ,机械,金属制品Ⅲ
589,002133.SZ,房地产,住宅物业开发
590,002134.SZ,电子,PCB
591,002135.SZ,建筑,专业工程及其他
592,002136.SZ,基础化工,钛白粉
593,002137.SZ,传媒,互联网广告营销
594,002138.SZ,电子,被动元件
595,002139.SZ,电子,其他电子零组件Ⅲ
596,002140.SZ,建筑,专业工程及其他
597,002141.SZ,电子,其他电子零组件Ⅲ
598,002142.SZ,银行,城商行
599,002144.SZ,纺织服装,印染
600,002145.SZ,基础化工,钛白粉
601,002146.SZ,房地产,住宅物业开发
602,002147.SZ,综合,综合Ⅲ
603,002148.SZ,通信,增值服务Ⅲ
604,002149.SZ,有色金属,其他稀有金属
605,002150.SZ,机械,金属制品Ⅲ
606,002151.SZ,国防军工,其他军工Ⅲ
607,002152.SZ,计算机,专用计算机设备
608,002153.SZ,计算机,云软件服务
609,002154.SZ,纺织服装,中高端成人品牌服饰
610,002155.SZ,有色金属,黄金
611,002156.SZ,电子,集成电路
612,002157.SZ,农林牧渔,畜牧养殖
613,002158.SZ,电力设备及新能源,燃料电池
614,002159.SZ,消费者服务,景区
615,002160.SZ,有色金属,铝
616,002161.SZ,通信,其他通信设备
617,002162.SZ,建材,陶瓷
618,002163.SZ,建材,玻璃
619,002164.SZ,机械,其他通用机械
620,002165.SZ,基础化工,磷肥及磷化工
621,002166.SZ,医药,生物医药Ⅲ
622,002167.SZ,有色金属,其他稀有金属
623,002168.SZ,传媒,游戏
624,002169.SZ,电力设备及新能源,电力电子及自动化
625,002170.SZ,基础化工,复合肥
626,002171.SZ,有色金属,铜
627,002172.SZ,基础化工,粘胶
628,002173.SZ,医药,医疗服务
629,002174.SZ,传媒,游戏
630,002175.SZ,综合,综合Ⅲ
631,002176.SZ,电力设备及新能源,车用电机电控
632,002177.SZ,计算机,专用计算机设备
633,002178.SZ,建筑,专业工程及其他
634,002179.SZ,国防军工,航天军工
635,002180.SZ,电子,集成电路
636,002181.SZ,传媒,出版
637,002182.SZ,有色金属,铝
638,002183.SZ,交通运输,物流综合
639,002184.SZ,电力设备及新能源,电力电子及自动化
640,002185.SZ,电子,集成电路
641,002186.SZ,消费者服务,餐饮
642,002187.SZ,商贸零售,百货
643,002188.SZ,传媒,互联网影视音频
644,002189.SZ,电子,消费电子组件
645,002190.SZ,国防军工,航空军工
646,002191.SZ,轻工制造,纸包装
647,002192.SZ,有色金属,锂
648,002193.SZ,纺织服装,非棉纺织品
649,002194.SZ,通信,网络接配及塔设
650,002195.SZ,计算机,产业互联网综合服务
651,002196.SZ,电力设备及新能源,车用电机电控
652,002197.SZ,电子,其他电子零组件Ⅲ
653,002198.SZ,医药,中成药
654,002199.SZ,电子,被动元件
655,002200.SZ,农林牧渔,林木及加工
656,002201.SZ,建材,玻璃纤维
657,002202.SZ,电力设备及新能源,风电
658,002203.SZ,有色金属,铜
659,002204.SZ,机械,其他专用机械
660,002205.SZ,建材,其他结构材料
661,002206.SZ,石油石化,其他石化
662,002207.SZ,机械,矿山冶金机械
663,002208.SZ,房地产,住宅物业开发
664,002209.SZ,机械,其他专用机械
665,002210.SZ,交通运输,物流综合
666,002211.SZ,基础化工,有机硅
667,002212.SZ,计算机,通用计算机设备
668,002213.SZ,汽车,汽车零部件Ⅲ
669,002214.SZ,国防军工,其他军工Ⅲ
670,002215.SZ,基础化工,农药
671,002216.SZ,食品饮料,速冻食品
672,002217.SZ,电子,消费电子组件
673,002218.SZ,电力设备及新能源,太阳能
674,002219.SZ,医药,中成药
675,002221.SZ,石油石化,其他石化
676,002222.SZ,电子,消费电子组件
677,002223.SZ,医药,医疗器械
678,002224.SZ,基础化工,橡胶制品
679,002225.SZ,建材,其他专用材料
680,002226.SZ,基础化工,民爆用品
681,002227.SZ,电力设备及新能源,电池综合服务
682,002228.SZ,轻工制造,纸包装
683,002229.SZ,轻工制造,印刷
684,002230.SZ,计算机,新兴计算机软件
685,002231.SZ,通信,网络覆盖优化与运维
686,002232.SZ,计算机,行业应用软件
687,002233.SZ,建材,水泥
688,002234.SZ,农林牧渔,畜牧养殖
689,002235.SZ,轻工制造,造纸Ⅲ
690,002236.SZ,电子,安防
691,002237.SZ,有色金属,黄金
692,002238.SZ,传媒,广播电视
693,002239.SZ,汽车,汽车零部件Ⅲ
694,002240.SZ,轻工制造,其他家居
695,002241.SZ,电子,消费电子组件
696,002242.SZ,家电,小家电Ⅲ
697,002243.SZ,轻工制造,其他包装
698,002244.SZ,房地产,住宅物业开发
699,002245.SZ,交通运输,物流综合
0,002246.SZ,基础化工,民爆用品
1,002247.SZ,传媒,互联网广告营销
2,002248.SZ,机械,机床设备
3,002249.SZ,电力设备及新能源,车用电机电控
4,002250.SZ,基础化工,农药
5,002251.SZ,商贸零售,超市及便利店
6,002252.SZ,医药,生物医药Ⅲ
7,002253.SZ,计算机,行业应用软件
8,002254.SZ,石油石化,其他石化
9,002255.SZ,电力设备及新能源,综合能源设备
10,002256.SZ,基础化工,涂料油墨颜料
11,002258.SZ,基础化工,农药
12,002259.SZ,电力及公用事业,燃气
13,002260.SZ,家电,小家电Ⅲ
14,002261.SZ,计算机,行业应用软件
15,002262.SZ,医药,化学制剂
16,002263.SZ,基础化工,膜材料
17,002264.SZ,商贸零售,超市及便利店
18,002265.SZ,汽车,汽车零部件Ⅲ
19,002266.SZ,电力设备及新能源,综合能源设备
20,002267.SZ,电力及公用事业,燃气
21,002268.SZ,计算机,通用计算机设备
22,002269.SZ,纺织服装,大众成人品牌服饰
23,002270.SZ,电力设备及新能源,输变电设备
24,002271.SZ,建材,其他装饰材料
25,002272.SZ,机械,锅炉设备
26,002273.SZ,电子,消费电子组件
27,002274.SZ,基础化工,氮肥
28,002275.SZ,医药,中成药
29,002276.SZ,电力设备及新能源,输变电设备
30,002277.SZ,商贸零售,百货
31,002278.SZ,机械,油气装备
32,002279.SZ,计算机,基础软件及管理办公软件
33,002280.SZ,计算机,行业应用软件
34,002281.SZ,通信,网络接配及塔设
35,002282.SZ,机械,金属制品Ⅲ
36,002283.SZ,汽车,汽车零部件Ⅲ
37,002284.SZ,汽车,汽车零部件Ⅲ
38,002285.SZ,房地产,物业经纪服务
39,002286.SZ,农林牧渔,农产品加工Ⅲ
40,002287.SZ,医药,中成药
41,002288.SZ,电子,PCB
42,002289.SZ,电子,消费电子组件
43,002290.SZ,家电,其他家电
44,002291.SZ,传媒,互联网广告营销
45,002292.SZ,传媒,动漫
46,002293.SZ,纺织服装,家纺
47,002294.SZ,医药,化学制剂
48,002295.SZ,有色金属,铜
49,002296.SZ,通信,其他通信设备
50,002297.SZ,钢铁,特钢
51,002298.SZ,电力设备及新能源,输变电设备
52,002299.SZ,农林牧渔,畜牧养殖
53,002300.SZ,电力设备及新能源,输变电设备
54,002301.SZ,轻工制造,文娱轻工Ⅲ
55,002302.SZ,建材,水泥
56,002303.SZ,轻工制造,纸包装
57,002304.SZ,食品饮料,白酒
58,002305.SZ,房地产,非住宅物业开发和运营
59,002306.SZ,综合,综合Ⅲ
60,002307.SZ,建筑,基建建设
61,002308.SZ,计算机,行业应用软件
62,002309.SZ,电力设备及新能源,太阳能
63,002310.SZ,建筑,园林工程
64,002311.SZ,农林牧渔,饲料加工
65,002312.SZ,计算机,专用计算机设备
66,002313.SZ,通信,通信终端及配件
67,002314.SZ,房地产,住宅物业开发
68,002315.SZ,传媒,信息搜索与聚合
69,002316.SZ,综合金融,多领域控股Ⅲ
70,002317.SZ,医药,中成药
71,002318.SZ,钢铁,特钢
72,002319.SZ,基础化工,涂料油墨颜料
73,002320.SZ,交通运输,航运
74,002321.SZ,农林牧渔,畜牧养殖
75,002322.SZ,电力设备及新能源,电力电子及自动化
76,002323.SZ,建材,其他专用材料
77,002324.SZ,基础化工,改性塑料
78,002325.SZ,建筑,建筑装修Ⅲ
79,002326.SZ,基础化工,其他化学制品Ⅲ
80,002327.SZ,纺织服装,家纺
81,002328.SZ,汽车,汽车零部件Ⅲ
82,002329.SZ,食品饮料,乳制品
83,002330.SZ,食品饮料,肉制品
84,002331.SZ,计算机,行业应用软件
85,002332.SZ,医药,化学原料药
86,002333.SZ,建材,其他装饰材料
87,002334.SZ,电力设备及新能源,电力电子及自动化
88,002335.SZ,电力设备及新能源,储能
89,002336.SZ,商贸零售,超市及便利店
90,002337.SZ,机械,其他专用机械
91,002338.SZ,国防军工,其他军工Ⅲ
92,002339.SZ,电力设备及新能源,配电设备
93,002340.SZ,电力设备及新能源,电池综合服务
94,002341.SZ,基础化工,膜材料
95,002342.SZ,机械,金属制品Ⅲ
96,002343.SZ,传媒,影视
97,002344.SZ,商贸零售,专业市场经营Ⅲ
98,002345.SZ,商贸零售,珠宝首饰及钟表
99,002346.SZ,电力设备及新能源,配电设备
100,002347.SZ,机械,基础件
101,002348.SZ,轻工制造,文娱轻工Ⅲ
102,002349.SZ,医药,中成药
103,002350.SZ,电力设备及新能源,配电设备
104,002351.SZ,电子,消费电子组件
105,002352.SZ,交通运输,快递
106,002353.SZ,机械,油气装备
107,002354.SZ,传媒,游戏
108,002355.SZ,汽车,汽车零部件Ⅲ
109,002356.SZ,商贸零售,珠宝首饰及钟表
110,002357.SZ,交通运输,公交
111,002358.SZ,电力设备及新能源,输变电设备
112,002359.SZ,通信,电信运营Ⅲ
113,002360.SZ,基础化工,民爆用品
114,002361.SZ,基础化工,合成树脂
115,002362.SZ,计算机,新兴计算机软件
116,002363.SZ,汽车,汽车零部件Ⅲ
117,002364.SZ,电力设备及新能源,电力电子及自动化
118,002365.SZ,医药,化学原料药
119,002366.SZ,机械,核电设备
120,002367.SZ,机械,电梯
121,002368.SZ,计算机,行业应用软件
122,002369.SZ,电子,消费电子组件
123,002370.SZ,医药,化学制剂
124,002371.SZ,电子,半导体设备
125,002372.SZ,建材,其他装饰材料
126,002373.SZ,计算机,行业应用软件
127,002374.SZ,轻工制造,其他包装
128,002375.SZ,建筑,建筑装修Ⅲ
129,002376.SZ,计算机,专用计算机设备
130,002377.SZ,房地产,物业经纪服务
131,002378.SZ,有色金属,钨
132,002379.SZ,有色金属,铝
133,002380.SZ,计算机,行业应用软件
134,002381.SZ,基础化工,橡胶制品
135,002382.SZ,医药,医疗器械
136,002383.SZ,通信,其他通信设备
137,002384.SZ,电子,PCB
138,002385.SZ,农林牧渔,饲料加工
139,002386.SZ,基础化工,氯碱
140,002387.SZ,电子,面板
141,002388.SZ,电子,其他电子零组件Ⅲ
142,002389.SZ,国防军工,航空军工
143,002390.SZ,医药,中成药
144,002391.SZ,基础化工,农药
145,002392.SZ,建材,其他专用材料
146,002393.SZ,医药,化学制剂
147,002394.SZ,纺织服装,棉纺制品
148,002395.SZ,基础化工,合成树脂
149,002396.SZ,通信,系统设备
150,002397.SZ,纺织服装,家纺
151,002398.SZ,建筑,建筑设计及服务Ⅲ
152,002399.SZ,医药,化学原料药
153,002400.SZ,传媒,互联网广告营销
154,002401.SZ,计算机,行业应用软件
155,002402.SZ,电子,消费电子组件
156,002403.SZ,家电,小家电Ⅲ
157,002404.SZ,纺织服装,非棉纺织品
158,002405.SZ,计算机,行业应用软件
159,002406.SZ,机械,基础件
160,002407.SZ,基础化工,氟化工
161,002408.SZ,石油石化,其他石化
162,002409.SZ,电子,半导体材料
163,002410.SZ,计算机,云软件服务
164,002411.SZ,基础化工,其他化学原料
165,002412.SZ,医药,中成药
166,002413.SZ,国防军工,航空军工
167,002414.SZ,国防军工,其他军工Ⅲ
168,002415.SZ,电子,安防
169,002416.SZ,商贸零售,家电3C
170,002417.SZ,通信,网络覆盖优化与运维
171,002418.SZ,家电,其他家电
172,002419.SZ,商贸零售,综合业态
173,002420.SZ,家电,黑色家电Ⅲ
174,002421.SZ,计算机,行业应用软件
175,002422.SZ,医药,化学制剂
176,002423.SZ,综合金融,多领域控股Ⅲ
177,002424.SZ,医药,中成药
178,002425.SZ,传媒,游戏
179,002426.SZ,机械,其他通用机械
180,002427.SZ,基础化工,涤纶
181,002428.SZ,有色金属,其他稀有金属
182,002429.SZ,家电,黑色家电Ⅲ
183,002430.SZ,机械,其他专用机械
184,002431.SZ,建筑,园林工程
185,002432.SZ,医药,医疗器械
186,002433.SZ,医药,中成药
187,002434.SZ,汽车,汽车零部件Ⅲ
188,002435.SZ,医药,化学制剂
189,002436.SZ,电子,PCB
190,002437.SZ,医药,化学制剂
191,002438.SZ,机械,基础件
192,002439.SZ,计算机,通用计算机设备
193,002440.SZ,基础化工,印染化学品
194,002441.SZ,电力设备及新能源,电力电子及自动化
195,002442.SZ,基础化工,橡胶助剂
196,002443.SZ,钢铁,特钢
197,002444.SZ,机械,其他通用机械
198,002445.SZ,传媒,游戏
199,002446.SZ,通信,网络接配及塔设
200,002447.SZ,传媒,游戏
201,002448.SZ,汽车,汽车零部件Ⅲ
202,002449.SZ,电子,LED
203,002450.SZ,基础化工,膜材料
204,002451.SZ,电力设备及新能源,输变电设备
205,002452.SZ,电力设备及新能源,输变电设备
206,002453.SZ,基础化工,其他化学原料
207,002454.SZ,汽车,汽车零部件Ⅲ
208,002455.SZ,基础化工,其他化学原料
209,002456.SZ,电子,消费电子组件
210,002457.SZ,建材,其他结构材料
211,002458.SZ,农林牧渔,畜牧养殖
212,002459.SZ,电力设备及新能源,太阳能
213,002460.SZ,有色金属,锂
214,002461.SZ,食品饮料,啤酒
215,002462.SZ,医药,医药流通
216,002463.SZ,电子,PCB
217,002464.SZ,传媒,游戏
218,002465.SZ,国防军工,其他军工Ⅲ
219,002466.SZ,有色金属,锂
220,002467.SZ,通信,增值服务Ⅲ
221,002468.SZ,交通运输,快递
222,002469.SZ,建筑,专业工程及其他
223,002470.SZ,基础化工,复合肥
224,002471.SZ,电力设备及新能源,输变电设备
225,002472.SZ,机械,基础件
226,002473.SZ,家电,小家电Ⅲ
227,002474.SZ,计算机,行业应用软件
228,002475.SZ,电子,消费电子组件
229,002476.SZ,石油石化,其他石化
230,002478.SZ,钢铁,特钢
231,002479.SZ,电力及公用事业,供热或其他
232,002480.SZ,机械,其他运输设备
233,002481.SZ,食品饮料,其他食品
234,002482.SZ,建筑,建筑装修Ⅲ
235,002483.SZ,机械,起重运输设备
236,002484.SZ,电子,被动元件
237,002485.SZ,纺织服装,中高端成人品牌服饰
238,002486.SZ,纺织服装,其他纺织
239,002487.SZ,电力设备及新能源,风电
240,002488.SZ,汽车,汽车零部件Ⅲ
241,002489.SZ,轻工制造,其他家居
242,002490.SZ,机械,油气装备
243,002491.SZ,通信,线缆
244,002492.SZ,交通运输,港口
245,002493.SZ,石油石化,其他石化
246,002494.SZ,纺织服装,其他纺织
247,002495.SZ,食品饮料,调味品
248,002496.SZ,基础化工,农药
249,002497.SZ,基础化工,民爆用品
250,002498.SZ,电力设备及新能源,输变电设备
251,002499.SZ,电力及公用事业,环保及水务
252,002500.SZ,非银行金融,证券Ⅲ
253,002501.SZ,有色金属,铝
254,002502.SZ,传媒,影视
255,002503.SZ,纺织服装,大众成人品牌服饰
256,002504.SZ,建筑,建筑装修Ⅲ
257,002505.SZ,农林牧渔,畜牧养殖
258,002506.SZ,电力设备及新能源,太阳能
259,002507.SZ,食品饮料,调味品
260,002508.SZ,家电,厨房电器Ⅲ
261,002510.SZ,汽车,汽车零部件Ⅲ
262,002511.SZ,轻工制造,造纸Ⅲ
263,002512.SZ,计算机,专用计算机设备
264,002513.SZ,基础化工,农药
265,002514.SZ,机械,金属制品Ⅲ
266,002515.SZ,食品饮料,肉制品
267,002516.SZ,汽车,汽车零部件Ⅲ
268,002517.SZ,传媒,游戏
269,002518.SZ,电力设备及新能源,储能
270,002519.SZ,家电,黑色家电Ⅲ
271,002520.SZ,机械,机床设备
272,002521.SZ,轻工制造,造纸Ⅲ
273,002522.SZ,基础化工,膜材料
274,002523.SZ,机械,起重运输设备
275,002524.SZ,医药,医疗服务
276,002526.SZ,机械,矿山冶金机械
277,002527.SZ,电力设备及新能源,电力电子及自动化
278,002528.SZ,电子,安防
279,002529.SZ,机械,其他专用机械
280,002530.SZ,传媒,信息搜索与聚合
281,002531.SZ,电力设备及新能源,风电
282,002532.SZ,有色金属,铝
283,002533.SZ,电力设备及新能源,输变电设备
284,002534.SZ,电力设备及新能源,综合能源设备
285,002535.SZ,机械,工程机械Ⅲ
286,002536.SZ,汽车,汽车零部件Ⅲ
287,002537.SZ,综合,综合Ⅲ
288,002538.SZ,基础化工,复合肥
289,002539.SZ,基础化工,复合肥
290,002540.SZ,有色金属,铝
291,002541.SZ,建筑,专业工程及其他
292,002542.SZ,建筑,专业工程及其他
293,002543.SZ,家电,厨房电器Ⅲ
294,002544.SZ,通信,网络规划设计和工程施工
295,002545.SZ,建筑,专业工程及其他
296,002546.SZ,电力设备及新能源,电力电子及自动化
297,002547.SZ,通信,网络接配及塔设
298,002548.SZ,农林牧渔,饲料加工
299,002549.SZ,基础化工,其他化学原料
300,002550.SZ,医药,生物医药Ⅲ
301,002551.SZ,医药,医疗器械
302,002552.SZ,机械,船舶制造
303,002553.SZ,汽车,汽车零部件Ⅲ
304,002554.SZ,机械,矿山冶金机械
305,002555.SZ,传媒,游戏
306,002556.SZ,基础化工,复合肥
307,002557.SZ,食品饮料,休闲食品
308,002558.SZ,传媒,游戏
309,002559.SZ,机械,机床设备
310,002560.SZ,电力设备及新能源,输变电设备
311,002561.SZ,商贸零售,百货
312,002562.SZ,基础化工,食品及饲料添加剂
313,002563.SZ,纺织服装,大众成人品牌服饰
314,002564.SZ,机械,其他专用机械
315,002565.SZ,轻工制造,纸包装
316,002566.SZ,医药,中成药
317,002567.SZ,农林牧渔,畜牧养殖
318,002568.SZ,食品饮料,其他酒
319,002569.SZ,纺织服装,中高端成人品牌服饰
320,002570.SZ,食品饮料,乳制品
321,002571.SZ,轻工制造,其他轻工Ⅲ
322,002572.SZ,轻工制造,家具
323,002573.SZ,电力及公用事业,环保及水务
324,002574.SZ,商贸零售,珠宝首饰及钟表
325,002575.SZ,轻工制造,文娱轻工Ⅲ
326,002576.SZ,电力设备及新能源,电机
327,002577.SZ,计算机,通用计算机设备
328,002578.SZ,有色金属,铝
329,002579.SZ,电子,PCB
330,002580.SZ,电力设备及新能源,储能
331,002581.SZ,医药,生物医药Ⅲ
332,002582.SZ,食品饮料,休闲食品
333,002583.SZ,通信,系统设备
334,002584.SZ,基础化工,其他化学制品Ⅲ
335,002585.SZ,基础化工,膜材料
336,002586.SZ,建筑,基建建设
337,002587.SZ,电子,LED
338,002588.SZ,基础化工,复合肥
339,002589.SZ,医药,中成药
340,002590.SZ,汽车,汽车零部件Ⅲ
341,002591.SZ,基础化工,涂料油墨颜料
342,002592.SZ,汽车,汽车零部件Ⅲ
343,002593.SZ,机械,金属制品Ⅲ
344,002594.SZ,汽车,乘用车Ⅲ
345,002595.SZ,机械,其他专用机械
346,002596.SZ,建材,水泥
347,002597.SZ,基础化工,食品及饲料添加剂
348,002598.SZ,机械,其他通用机械
349,002599.SZ,传媒,出版
350,002600.SZ,电子,消费电子组件
351,002601.SZ,基础化工,钛白粉
352,002602.SZ,传媒,游戏
353,002603.SZ,医药,中成药
354,002605.SZ,轻工制造,文娱轻工Ⅲ
355,002606.SZ,电力设备及新能源,输变电设备
356,002607.SZ,消费者服务,高等及职业教育
357,002608.SZ,非银行金融,信托
358,002609.SZ,计算机,行业应用软件
359,002610.SZ,电力设备及新能源,太阳能
360,002611.SZ,机械,其他专用机械
361,002612.SZ,纺织服装,中高端成人品牌服饰
362,002613.SZ,建材,玻璃
363,002614.SZ,家电,小家电Ⅲ
364,002615.SZ,家电,小家电Ⅲ
365,002616.SZ,家电,厨房电器Ⅲ
366,002617.SZ,电力设备及新能源,电机
367,002618.SZ,电子,PCB
368,002619.SZ,传媒,游戏
369,002620.SZ,建筑,建筑装修Ⅲ
370,002621.SZ,消费者服务,早幼教
371,002622.SZ,电力设备及新能源,输变电设备
372,002623.SZ,电力设备及新能源,太阳能
373,002624.SZ,传媒,游戏
374,002625.SZ,国防军工,其他军工Ⅲ
375,002626.SZ,食品饮料,其他食品
376,002627.SZ,交通运输,公交
377,002628.SZ,建筑,基建建设
378,002629.SZ,机械,矿山冶金机械
379,002630.SZ,电力设备及新能源,综合能源设备
380,002631.SZ,轻工制造,其他家居
381,002632.SZ,基础化工,膜材料
382,002633.SZ,机械,基础件
383,002634.SZ,纺织服装,其他纺织
384,002635.SZ,电子,消费电子组件
385,002636.SZ,电子,PCB
386,002637.SZ,基础化工,日用化学品
387,002638.SZ,消费者服务,K12培训
388,002639.SZ,电力设备及新能源,燃料电池
389,002640.SZ,商贸零售,电商及服务Ⅲ
390,002641.SZ,建材,其他装饰材料
391,002642.SZ,计算机,行业应用软件
392,002643.SZ,基础化工,电子化学品
393,002644.SZ,医药,中成药
394,002645.SZ,机械,其他专用机械
395,002646.SZ,食品饮料,白酒
396,002647.SZ,非银行金融,其他非银金融
397,002648.SZ,基础化工,其他化学原料
398,002649.SZ,计算机,咨询实施及其他服务
399,002650.SZ,食品饮料,调味品
400,002651.SZ,机械,其他专用机械
401,002652.SZ,建材,其他专用材料
402,002653.SZ,医药,化学制剂
403,002654.SZ,电子,LED
404,002655.SZ,电子,消费电子组件
405,002656.SZ,纺织服装,中高端成人品牌服饰
406,002657.SZ,计算机,行业应用软件
407,002658.SZ,电力及公用事业,环保及水务
408,002659.SZ,消费者服务,K12基础教育
409,002660.SZ,电子,消费电子组件
410,002661.SZ,食品饮料,其他食品
411,002662.SZ,汽车,汽车零部件Ⅲ
412,002663.SZ,建筑,园林工程
413,002664.SZ,机械,其他通用机械
414,002665.SZ,电力设备及新能源,太阳能
415,002666.SZ,基础化工,其他化学制品Ⅲ
416,002667.SZ,机械,其他专用机械
417,002668.SZ,家电,白色家电Ⅲ
418,002669.SZ,基础化工,其他塑料制品
419,002670.SZ,非银行金融,证券Ⅲ
420,002671.SZ,建材,其他结构材料
421,002672.SZ,电力及公用事业,环保及水务
422,002673.SZ,非银行金融,证券Ⅲ
423,002674.SZ,纺织服装,其他纺织
424,002675.SZ,医药,化学原料药
425,002676.SZ,家电,其他家电
426,002677.SZ,家电,厨房电器Ⅲ
427,002678.SZ,轻工制造,文娱轻工Ⅲ
428,002679.SZ,农林牧渔,林木及加工
429,002681.SZ,电子,消费电子组件
430,002682.SZ,综合,综合Ⅲ
431,002683.SZ,基础化工,民爆用品
432,002684.SZ,汽车,汽车零部件Ⅲ
433,002685.SZ,机械,起重运输设备
434,002686.SZ,机械,基础件
435,002687.SZ,纺织服装,中高端成人品牌服饰
436,002688.SZ,医药,生物医药Ⅲ
437,002689.SZ,机械,电梯
438,002690.SZ,机械,其他专用机械
439,002691.SZ,机械,矿山冶金机械
440,002692.SZ,电力设备及新能源,输变电设备
441,002693.SZ,医药,化学原料药
442,002694.SZ,基础化工,其他塑料制品
443,002695.SZ,食品饮料,休闲食品
444,002696.SZ,食品饮料,肉制品
445,002697.SZ,商贸零售,超市及便利店
446,002698.SZ,机械,工业机器人及工控系统
447,002699.SZ,传媒,动漫
448,002700.SZ,电力及公用事业,燃气
449,002701.SZ,轻工制造,金属包装
450,002702.SZ,食品饮料,速冻食品
451,002703.SZ,汽车,汽车零部件Ⅲ
452,002705.SZ,家电,小家电Ⅲ
453,002706.SZ,电力设备及新能源,配电设备
454,002707.SZ,消费者服务,旅游服务
455,002708.SZ,汽车,汽车零部件Ⅲ
456,002709.SZ,基础化工,锂电化学品
457,002711.SZ,交通运输,物流综合
458,002712.SZ,传媒,互联网广告营销
459,002713.SZ,建筑,建筑装修Ⅲ
460,002714.SZ,农林牧渔,畜牧养殖
461,002715.SZ,汽车,汽车零部件Ⅲ
462,002716.SZ,有色金属,其他稀有金属
463,002717.SZ,建筑,园林工程
464,002718.SZ,建材,其他装饰材料
465,002719.SZ,食品饮料,乳制品
466,002721.SZ,商贸零售,珠宝首饰及钟表
467,002722.SZ,机械,金属制品Ⅲ
468,002723.SZ,家电,照明电工
469,002724.SZ,电子,其他电子零组件Ⅲ
470,002725.SZ,汽车,汽车零部件Ⅲ
471,002726.SZ,食品饮料,肉制品
472,002727.SZ,医药,医药流通
473,002728.SZ,医药,化学制剂
474,002729.SZ,电力设备及新能源,配电设备
475,002730.SZ,电力设备及新能源,配电设备
476,002731.SZ,商贸零售,珠宝首饰及钟表
477,002732.SZ,食品饮料,乳制品
478,002733.SZ,电力设备及新能源,燃料电池
479,002734.SZ,基础化工,农药
480,002735.SZ,轻工制造,其他包装
481,002736.SZ,非银行金融,证券Ⅲ
482,002737.SZ,医药,中成药
483,002738.SZ,有色金属,其他稀有金属
484,002739.SZ,传媒,影视
485,002740.SZ,商贸零售,珠宝首饰及钟表
486,002741.SZ,基础化工,电子化学品
487,002742.SZ,建材,水泥
488,002743.SZ,机械,金属制品Ⅲ
489,002745.SZ,电子,LED
490,002746.SZ,农林牧渔,畜牧养殖
491,002747.SZ,机械,工业机器人及工控系统
492,002748.SZ,基础化工,氯碱
493,002749.SZ,基础化工,农药
494,002750.SZ,医药,中成药
495,002751.SZ,轻工制造,其他轻工Ⅲ
496,002752.SZ,轻工制造,金属包装
497,002753.SZ,基础化工,橡胶助剂
498,002755.SZ,医药,化学制剂
499,002756.SZ,钢铁,特钢
500,002757.SZ,机械,其他通用机械
501,002758.SZ,医药,医药流通
502,002759.SZ,家电,小家电Ⅲ
503,002760.SZ,机械,其他通用机械
504,002761.SZ,纺织服装,家纺
505,002762.SZ,纺织服装,儿童品牌
506,002763.SZ,纺织服装,家纺
507,002765.SZ,汽车,汽车零部件Ⅲ
508,002766.SZ,计算机,专用计算机设备
509,002767.SZ,机械,仪器仪表Ⅲ
510,002768.SZ,基础化工,改性塑料
511,002769.SZ,交通运输,物流综合
512,002770.SZ,食品饮料,乳制品
513,002771.SZ,计算机,专用计算机设备
514,002772.SZ,农林牧渔,农产品加工Ⅲ
515,002773.SZ,医药,中成药
516,002774.SZ,机械,电梯
517,002775.SZ,建筑,园林工程
518,002776.SZ,纺织服装,大众成人品牌服饰
519,002777.SZ,计算机,行业应用软件
520,002778.SZ,石油石化,炼油
521,002779.SZ,机械,其他专用机械
522,002780.SZ,纺织服装,体育及户外品牌
523,002781.SZ,建筑,建筑装修Ⅲ
524,002782.SZ,电子,消费电子组件
525,002783.SZ,基础化工,民爆用品
526,002785.SZ,建材,其他装饰材料
527,002786.SZ,机械,其他通用机械
528,002787.SZ,机械,金属制品Ⅲ
529,002788.SZ,医药,医药流通
530,002789.SZ,建筑,建筑装修Ⅲ
531,002790.SZ,家电,小家电Ⅲ
532,002791.SZ,建材,其他装饰材料
533,002792.SZ,通信,网络接配及塔设
534,002793.SZ,医药,化学制剂
535,002795.SZ,机械,基础件
536,002796.SZ,机械,电梯
537,002797.SZ,非银行金融,证券Ⅲ
538,002798.SZ,建材,陶瓷
539,002799.SZ,轻工制造,纸包装
540,002800.SZ,交通运输,物流综合
541,002801.SZ,电力设备及新能源,电机
542,002802.SZ,基础化工,其他化学原料
543,002803.SZ,轻工制造,纸包装
544,002805.SZ,基础化工,其他化学原料
545,002806.SZ,有色金属,铝
546,002807.SZ,银行,农商行
547,002808.SZ,电子,消费电子组件
548,002809.SZ,基础化工,其他化学制品Ⅲ
549,002810.SZ,基础化工,其他化学制品Ⅲ
550,002811.SZ,建筑,建筑装修Ⅲ
551,002812.SZ,基础化工,锂电化学品
552,002813.SZ,通信,通信终端及配件
553,002815.SZ,电子,PCB
554,002816.SZ,机械,其他专用机械
555,002817.SZ,医药,中成药
556,002818.SZ,商贸零售,专业市场经营Ⅲ
557,002819.SZ,机械,仪器仪表Ⅲ
558,002820.SZ,食品饮料,休闲食品
559,002821.SZ,医药,化学原料药
560,002822.SZ,建筑,建筑装修Ⅲ
561,002823.SZ,电力设备及新能源,电力电子及自动化
562,002824.SZ,有色金属,铝
563,002825.SZ,轻工制造,其他包装
564,002826.SZ,医药,中成药
565,002827.SZ,基础化工,民爆用品
566,002828.SZ,石油石化,油田服务
567,002829.SZ,国防军工,其他军工Ⅲ
568,002830.SZ,建筑,建筑装修Ⅲ
569,002831.SZ,轻工制造,纸包装
570,002832.SZ,纺织服装,体育及户外品牌
571,002833.SZ,机械,其他专用机械
572,002835.SZ,计算机,专用计算机设备
573,002836.SZ,轻工制造,纸包装
574,002837.SZ,机械,其他专用机械
575,002838.SZ,基础化工,改性塑料
576,002839.SZ,银行,农商行
577,002840.SZ,食品饮料,肉制品
578,002841.SZ,消费者服务,教育信息化及在线教育
579,002842.SZ,有色金属,钨
580,002843.SZ,机械,金属制品Ⅲ
581,002845.SZ,电子,消费电子组件
582,002846.SZ,轻工制造,金属包装
583,002847.SZ,食品饮料,休闲食品
584,002848.SZ,通信,通信终端及配件
585,002849.SZ,机械,仪器仪表Ⅲ
586,002850.SZ,电力设备及新能源,锂电池
587,002851.SZ,电力设备及新能源,电力电子及自动化
588,002852.SZ,农林牧渔,农产品加工Ⅲ
589,002853.SZ,轻工制造,家具
590,002855.SZ,电子,消费电子组件
591,002856.SZ,建筑,建筑装修Ⅲ
592,002857.SZ,机械,仪器仪表Ⅲ
593,002858.SZ,传媒,其他文化娱乐
594,002859.SZ,电子,被动元件
595,002860.SZ,家电,其他家电
596,002861.SZ,电子,消费电子组件
597,002862.SZ,轻工制造,文娱轻工Ⅲ
598,002863.SZ,汽车,汽车零部件Ⅲ
599,002864.SZ,医药,中成药
600,002865.SZ,汽车,汽车零部件Ⅲ
601,002866.SZ,计算机,通用计算机设备
602,002867.SZ,商贸零售,珠宝首饰及钟表
603,002868.SZ,农林牧渔,饲料加工
604,002869.SZ,计算机,专用计算机设备
605,002870.SZ,机械,仪器仪表Ⅲ
606,002871.SZ,机械,基础件
607,002872.SZ,医药,医药流通
608,002873.SZ,医药,中药饮片
609,002875.SZ,纺织服装,儿童品牌
610,002876.SZ,电子,显示零组
611,002877.SZ,机械,基础件
612,002878.SZ,传媒,其他广告营销
613,002879.SZ,电力设备及新能源,输变电设备
614,002880.SZ,医药,生物医药Ⅲ
615,002881.SZ,电子,消费电子组件
616,002882.SZ,电力设备及新能源,输变电设备
617,002883.SZ,建筑,建筑设计及服务Ⅲ
618,002884.SZ,机械,其他通用机械
619,002885.SZ,电力设备及新能源,电力电子及自动化
620,002886.SZ,基础化工,改性塑料
621,002887.SZ,建筑,园林工程
622,002888.SZ,电子,消费电子组件
623,002889.SZ,交通运输,物流综合
624,002890.SZ,机械,基础件
625,002891.SZ,农林牧渔,宠物食品
626,002892.SZ,电力设备及新能源,电机
627,002893.SZ,电力及公用事业,供热或其他
628,002895.SZ,基础化工,磷肥及磷化工
629,002896.SZ,机械,基础件
630,002897.SZ,通信,网络接配及塔设
631,002898.SZ,医药,化学制剂
632,002899.SZ,轻工制造,其他轻工Ⅲ
633,002900.SZ,医药,化学制剂
634,002901.SZ,医药,医疗器械
635,002902.SZ,电子,消费电子组件
636,002903.SZ,机械,机床设备
637,002905.SZ,传媒,影视
638,002906.SZ,汽车,汽车零部件Ⅲ
639,002907.SZ,医药,中药饮片
640,002908.SZ,通信,通信终端及配件
641,002909.SZ,基础化工,有机硅
642,002910.SZ,食品饮料,乳制品
643,002911.SZ,电力及公用事业,燃气
644,002912.SZ,计算机,专用计算机设备
645,002913.SZ,电子,PCB
646,002915.SZ,基础化工,氟化工
647,002916.SZ,电子,PCB
648,002917.SZ,基础化工,民爆用品
649,002918.SZ,建材,陶瓷
650,002919.SZ,基础化工,日用化学品
651,002920.SZ,汽车,汽车零部件Ⅲ
652,002921.SZ,汽车,汽车零部件Ⅲ
653,002922.SZ,电子,消费电子组件
654,002923.SZ,医药,化学原料药
655,002925.SZ,电子,消费电子组件
656,002926.SZ,非银行金融,证券Ⅲ
657,002927.SZ,电力设备及新能源,配电设备
658,002928.SZ,交通运输,航空
659,002929.SZ,通信,网络规划设计和工程施工
660,002930.SZ,交通运输,物流综合
661,002931.SZ,机械,基础件
662,002932.SZ,医药,医疗器械
663,002933.SZ,国防军工,航空军工
664,002935.SZ,国防军工,航天军工
665,002936.SZ,银行,城商行
666,002937.SZ,电子,消费电子组件
667,002938.SZ,电子,PCB
668,002939.SZ,非银行金融,证券Ⅲ
669,002940.SZ,医药,化学制剂
670,002941.SZ,建筑,基建建设
671,002942.SZ,基础化工,农药
672,002943.SZ,机械,机床设备
673,002945.SZ,非银行金融,证券Ⅲ
674,002946.SZ,食品饮料,乳制品
675,002947.SZ,电子,消费电子组件
676,002948.SZ,银行,城商行
677,002949.SZ,建筑,建筑设计及服务Ⅲ
678,002950.SZ,医药,医疗器械
679,002951.SZ,轻工制造,纸包装
680,002952.SZ,电子,面板
681,002953.SZ,电力设备及新能源,输变电设备
682,002955.SZ,电子,消费电子组件
683,002956.SZ,食品饮料,休闲食品
684,002957.SZ,机械,其他专用机械
685,002958.SZ,银行,农商行
686,002959.SZ,家电,小家电Ⅲ
687,002960.SZ,机械,其他专用机械
688,002961.SZ,非银行金融,其他非银金融
689,002962.SZ,电子,消费电子组件
690,002963.SZ,建筑,专业工程及其他
691,002965.SZ,机械,金属制品Ⅲ
692,002966.SZ,银行,城商行
693,002967.SZ,机械,仪器仪表Ⅲ
694,002968.SZ,房地产,物业管理服务
695,002969.SZ,轻工制造,金属包装
696,002970.SZ,计算机,行业应用软件
697,002971.SZ,基础化工,其他化学制品Ⅲ
698,002972.SZ,机械,铁路交通设备
699,002973.SZ,电力及公用事业,环保及水务
0,002975.SZ,机械,其他专用机械
1,002976.SZ,电子,其他电子零组件Ⅲ
2,002977.SZ,国防军工,航天军工
3,002978.SZ,有色金属,其他稀有金属
4,002979.SZ,机械,工业机器人及工控系统
5,002980.SZ,机械,仪器仪表Ⅲ
6,002981.SZ,电子,消费电子组件
7,002982.SZ,农林牧渔,畜牧养殖
8,002983.SZ,电子,LED
9,002984.SZ,基础化工,橡胶制品
10,002985.SZ,国防军工,航空军工
11,002986.SZ,石油石化,其他石化
12,002987.SZ,计算机,行业应用软件
13,002988.SZ,有色金属,铝
14,002989.SZ,建筑,建筑装修Ⅲ
15,002990.SZ,计算机,行业应用软件
16,002991.SZ,食品饮料,休闲食品
17,002992.SZ,电子,LED
18,002993.SZ,电子,消费电子组件
19,002995.SZ,传媒,互联网广告营销
20,002996.SZ,有色金属,铝
21,002997.SZ,汽车,汽车零部件Ⅲ
22,002998.SZ,基础化工,涤纶
23,002999.SZ,基础化工,复合肥
24,003000.SZ,食品饮料,休闲食品
25,003001.SZ,建筑,专业工程及其他
26,003002.SZ,基础化工,民爆用品
27,003003.SZ,轻工制造,其他包装
28,003004.SZ,电子,安防
29,003005.SZ,计算机,行业应用软件
30,003006.SZ,轻工制造,造纸Ⅲ
31,003007.SZ,计算机,咨询实施及其他服务
32,003008.SZ,机械,仪器仪表Ⅲ
33,003009.SZ,国防军工,航天军工
34,003010.SZ,商贸零售,电商及服务Ⅲ
35,003011.SZ,轻工制造,其他家居
36,003012.SZ,建材,陶瓷
37,003013.SZ,建筑,建筑设计及服务Ⅲ
38,003015.SZ,电子,显示零组
39,003016.SZ,纺织服装,中高端成人品牌服饰
40,003017.SZ,基础化工,无机盐
41,003018.SZ,轻工制造,其他包装
42,003019.SZ,电子,显示零组
43,003020.SZ,医药,医药流通
44,003021.SZ,机械,其他专用机械
45,003022.SZ,基础化工,其他化学原料
46,003023.SZ,轻工制造,其他轻工Ⅲ
47,003025.SZ,机械,其他专用机械
48,003026.SZ,电子,半导体材料
49,003027.SZ,电力及公用事业,环保及水务
50,003028.SZ,家电,其他家电
51,003029.SZ,计算机,基础软件及管理办公软件
52,003816.SZ,电力及公用事业,其他发电
53,300001.SZ,电力设备及新能源,电池综合服务
54,300002.SZ,计算机,行业应用软件
55,300003.SZ,医药,医疗器械
56,300004.SZ,机械,其他通用机械
57,300005.SZ,纺织服装,体育及户外品牌
58,300006.SZ,医药,化学制剂
59,300007.SZ,电子,其他电子零组件Ⅲ
60,300008.SZ,机械,船舶制造
61,300009.SZ,医药,生物医药Ⅲ
62,300010.SZ,计算机,行业应用软件
63,300011.SZ,电力设备及新能源,电力电子及自动化
64,300012.SZ,机械,仪器仪表Ⅲ
65,300013.SZ,交通运输,物流综合
66,300014.SZ,电力设备及新能源,锂电池
67,300015.SZ,医药,医疗服务
68,300016.SZ,医药,化学制剂
69,300017.SZ,计算机,云基础设施服务
70,300018.SZ,电力设备及新能源,输变电设备
71,300019.SZ,基础化工,有机硅
72,300020.SZ,计算机,行业应用软件
73,300021.SZ,建材,其他专用材料
74,300022.SZ,机械,其他专用机械
75,300023.SZ,综合金融,多领域控股Ⅲ
76,300024.SZ,机械,工业机器人及工控系统
77,300025.SZ,通信,网络覆盖优化与运维
78,300026.SZ,医药,中成药
79,300027.SZ,传媒,影视
80,300029.SZ,电力设备及新能源,太阳能
81,300030.SZ,医药,医疗器械
82,300031.SZ,传媒,游戏
83,300032.SZ,电子,消费电子组件
84,300033.SZ,计算机,产业互联网信息服务
85,300034.SZ,国防军工,其他军工Ⅲ
86,300035.SZ,机械,其他专用机械
87,300036.SZ,计算机,行业应用软件
88,300037.SZ,基础化工,锂电化学品
89,300038.SZ,传媒,互联网广告营销
90,300039.SZ,医药,中成药
91,300040.SZ,电力设备及新能源,配电设备
92,300041.SZ,基础化工,有机硅
93,300042.SZ,计算机,通用计算机设备
94,300043.SZ,传媒,游戏
95,300044.SZ,建筑,专业工程及其他
96,300045.SZ,国防军工,其他军工Ⅲ
97,300046.SZ,电子,分立器件
98,300047.SZ,计算机,行业应用软件
99,300048.SZ,电力设备及新能源,输变电设备
100,300049.SZ,医药,中成药
101,300050.SZ,通信,网络覆盖优化与运维
102,300051.SZ,传媒,游戏
103,300052.SZ,传媒,游戏
104,300053.SZ,电子,集成电路
105,300054.SZ,基础化工,电子化学品
106,300055.SZ,电力及公用事业,环保及水务
107,300056.SZ,电力及公用事业,环保及水务
108,300057.SZ,轻工制造,其他包装
109,300058.SZ,传媒,互联网广告营销
110,300059.SZ,计算机,产业互联网综合服务
111,300061.SZ,综合,综合Ⅲ
112,300062.SZ,电力设备及新能源,输变电设备
113,300063.SZ,传媒,互联网广告营销
114,300064.SZ,建材,其他专用材料
115,300065.SZ,国防军工,其他军工Ⅲ
116,300066.SZ,机械,仪器仪表Ⅲ
117,300067.SZ,基础化工,印染化学品
118,300068.SZ,电力设备及新能源,储能
119,300069.SZ,电力设备及新能源,输变电设备
120,300070.SZ,电力及公用事业,环保及水务
121,300071.SZ,传媒,互联网广告营销
122,300072.SZ,基础化工,其他化学制品Ⅲ
123,300073.SZ,基础化工,锂电化学品
124,300074.SZ,计算机,专用计算机设备
125,300075.SZ,计算机,行业应用软件
126,300076.SZ,计算机,专用计算机设备
127,300077.SZ,电子,集成电路
128,300078.SZ,计算机,行业应用软件
129,300079.SZ,传媒,广播电视
130,300080.SZ,电力设备及新能源,太阳能
131,300081.SZ,通信,增值服务Ⅲ
132,300082.SZ,基础化工,其他化学原料
133,300083.SZ,电子,消费电子组件
134,300084.SZ,机械,油气装备
135,300085.SZ,计算机,行业应用软件
136,300086.SZ,医药,化学制剂
137,300087.SZ,农林牧渔,种业
138,300088.SZ,电子,显示零组
139,300089.SZ,消费者服务,教育信息化及在线教育
140,300091.SZ,电力设备及新能源,电机
141,300092.SZ,机械,其他通用机械
142,300093.SZ,建材,玻璃
143,300094.SZ,农林牧渔,水产养殖
144,300095.SZ,机械,起重运输设备
145,300096.SZ,计算机,行业应用软件
146,300097.SZ,机械,3C设备
147,300098.SZ,计算机,行业应用软件
148,300099.SZ,机械,矿山冶金机械
149,300100.SZ,汽车,汽车零部件Ⅲ
150,300101.SZ,国防军工,其他军工Ⅲ
151,300102.SZ,电子,LED
152,300103.SZ,机械,其他专用机械
153,300105.SZ,电力设备及新能源,综合能源设备
154,300106.SZ,农林牧渔,畜牧养殖
155,300107.SZ,基础化工,印染化学品
156,300108.SZ,医药,中成药
157,300109.SZ,医药,化学原料药
158,300110.SZ,医药,化学制剂
159,300111.SZ,电力设备及新能源,太阳能
160,300112.SZ,机械,仪器仪表Ⅲ
161,300113.SZ,传媒,游戏
162,300114.SZ,国防军工,其他军工Ⅲ
163,300115.SZ,电子,消费电子组件
164,300116.SZ,电力设备及新能源,锂电池
165,300117.SZ,建筑,专业工程及其他
166,300118.SZ,电力设备及新能源,太阳能
167,300119.SZ,农林牧渔,动物疫苗及兽药
168,300120.SZ,电力设备及新能源,输变电设备
169,300121.SZ,基础化工,橡胶助剂
170,300122.SZ,医药,生物医药Ⅲ
171,300123.SZ,国防军工,其他军工Ⅲ
172,300124.SZ,电力设备及新能源,电力电子及自动化
173,300125.SZ,电力设备及新能源,综合能源设备
174,300126.SZ,机械,其他通用机械
175,300127.SZ,电子,其他电子零组件Ⅲ
176,300128.SZ,电子,显示零组
177,300129.SZ,电力设备及新能源,风电
178,300130.SZ,计算机,专用计算机设备
179,300131.SZ,电子,消费电子组件
180,300132.SZ,基础化工,日用化学品
181,300133.SZ,传媒,影视
182,300134.SZ,通信,网络接配及塔设
183,300135.SZ,石油石化,其他石化
184,300136.SZ,通信,通信终端及配件
185,300137.SZ,电力及公用事业,环保及水务
186,300138.SZ,食品饮料,其他食品
187,300139.SZ,电子,集成电路
188,300140.SZ,电力设备及新能源,输变电设备
189,300141.SZ,电力设备及新能源,输变电设备
190,300142.SZ,医药,生物医药Ⅲ
191,300143.SZ,医药,医疗器械
192,300144.SZ,消费者服务,景区
193,300145.SZ,机械,基础件
194,300146.SZ,食品饮料,其他食品
195,300147.SZ,医药,中成药
196,300148.SZ,传媒,出版
197,300149.SZ,医药,生物医药Ⅲ
198,300150.SZ,计算机,行业应用软件
199,300151.SZ,机械,其他专用机械
200,300152.SZ,电力及公用事业,环保及水务
201,300153.SZ,电力设备及新能源,综合能源设备
202,300154.SZ,机械,其他通用机械
203,300155.SZ,电子,安防
204,300157.SZ,综合,综合Ⅲ
205,300158.SZ,医药,中成药
206,300159.SZ,机械,其他专用机械
207,300160.SZ,建材,玻璃
208,300161.SZ,机械,机床设备
209,300162.SZ,电子,LED
210,300163.SZ,建材,其他专用材料
211,300164.SZ,机械,油气装备
212,300165.SZ,机械,仪器仪表Ⅲ
213,300166.SZ,计算机,行业应用软件
214,300167.SZ,计算机,行业应用软件
215,300168.SZ,计算机,行业应用软件
216,300169.SZ,基础化工,其他化学制品Ⅲ
217,300170.SZ,计算机,咨询实施及其他服务
218,300171.SZ,医药,医疗器械
219,300172.SZ,电力及公用事业,环保及水务
220,300173.SZ,机械,其他专用机械
221,300174.SZ,基础化工,其他化学制品Ⅲ
222,300175.SZ,农林牧渔,农产品加工Ⅲ
223,300176.SZ,机械,金属制品Ⅲ
224,300177.SZ,计算机,行业应用软件
225,300178.SZ,消费者服务,旅游服务
226,300179.SZ,建材,其他专用材料
227,300180.SZ,基础化工,其他塑料制品
228,300181.SZ,医药,中成药
229,300182.SZ,传媒,影视
230,300183.SZ,通信,其他通信设备
231,300184.SZ,电子,其他电子零组件Ⅲ
232,300185.SZ,电力设备及新能源,风电
233,300187.SZ,电力及公用事业,环保及水务
234,300188.SZ,计算机,行业应用软件
235,300189.SZ,农林牧渔,种业
236,300190.SZ,电力及公用事业,环保及水务
237,300191.SZ,机械,矿山冶金机械
238,300192.SZ,消费者服务,K12培训
239,300193.SZ,机械,其他通用机械
240,300194.SZ,医药,化学原料药
241,300195.SZ,机械,其他专用机械
242,300196.SZ,建材,玻璃纤维
243,300197.SZ,建筑,园林工程
244,300198.SZ,建材,其他专用材料
245,300199.SZ,医药,化学制剂
246,300200.SZ,基础化工,聚氨酯
247,300201.SZ,汽车,专用汽车
248,300202.SZ,计算机,专用计算机设备
249,300203.SZ,电力及公用事业,环保及水务
250,300204.SZ,医药,生物医药Ⅲ
251,300205.SZ,通信,通信终端及配件
252,300206.SZ,医药,医疗器械
253,300207.SZ,电子,消费电子组件
254,300208.SZ,电力设备及新能源,电力电子及自动化
255,300209.SZ,计算机,行业应用软件
256,300210.SZ,机械,其他专用机械
257,300211.SZ,通信,通信终端及配件
258,300212.SZ,计算机,行业应用软件
259,300213.SZ,通信,其他通信设备
260,300214.SZ,基础化工,其他化学制品Ⅲ
261,300215.SZ,电力设备及新能源,输变电设备
262,300217.SZ,家电,其他家电
263,300218.SZ,基础化工,其他塑料制品
264,300219.SZ,电子,LED
265,300220.SZ,电子,消费电子设备
266,300221.SZ,基础化工,改性塑料
267,300222.SZ,电力设备及新能源,电力电子及自动化
268,300223.SZ,电子,集成电路
269,300224.SZ,电子,其他电子零组件Ⅲ
270,300225.SZ,基础化工,涂料油墨颜料
271,300226.SZ,计算机,产业互联网平台服务
272,300227.SZ,电子,消费电子组件
273,300228.SZ,机械,油气装备
274,300229.SZ,计算机,行业应用软件
275,300230.SZ,基础化工,其他塑料制品
276,300231.SZ,计算机,行业应用软件
277,300232.SZ,电子,LED
278,300233.SZ,医药,化学原料药
279,300234.SZ,建材,其他专用材料
280,300235.SZ,消费者服务,教育信息化及在线教育
281,300236.SZ,基础化工,电子化学品
282,300237.SZ,建筑,园林工程
283,300238.SZ,医药,生物医药Ⅲ
284,300239.SZ,医药,生物医药Ⅲ
285,300240.SZ,交通运输,物流综合
286,300241.SZ,电子,LED
287,300242.SZ,传媒,互联网广告营销
288,300243.SZ,基础化工,其他化学制品Ⅲ
289,300244.SZ,医药,医疗器械
290,300245.SZ,计算机,行业应用软件
291,300246.SZ,医药,医疗器械
292,300247.SZ,家电,小家电Ⅲ
293,300248.SZ,计算机,专用计算机设备
294,300249.SZ,计算机,通用计算机设备
295,300250.SZ,计算机,行业应用软件
296,300251.SZ,传媒,影视
297,300252.SZ,国防军工,其他军工Ⅲ
298,300253.SZ,计算机,行业应用软件
299,300254.SZ,医药,化学制剂
300,300255.SZ,医药,生物医药Ⅲ
301,300256.SZ,电子,消费电子组件
302,300257.SZ,机械,其他专用机械
303,300258.SZ,汽车,汽车零部件Ⅲ
304,300259.SZ,机械,仪器仪表Ⅲ
305,300260.SZ,机械,基础件
306,300261.SZ,基础化工,农药
307,300262.SZ,电力及公用事业,环保及水务
308,300263.SZ,机械,其他专用机械
309,300264.SZ,通信,通信终端及配件
310,300265.SZ,电力设备及新能源,输变电设备
311,300266.SZ,电力及公用事业,环保及水务
312,300267.SZ,医药,化学原料药
313,300268.SZ,农林牧渔,农产品加工Ⅲ
314,300269.SZ,传媒,其他广告营销
315,300270.SZ,计算机,专用计算机设备
316,300271.SZ,计算机,行业应用软件
317,300272.SZ,家电,小家电Ⅲ
318,300273.SZ,医药,医疗器械
319,300274.SZ,电力设备及新能源,太阳能
320,300275.SZ,计算机,专用计算机设备
321,300276.SZ,机械,工业机器人及工控系统
322,300277.SZ,计算机,行业应用软件
323,300278.SZ,机械,工业机器人及工控系统
324,300279.SZ,家电,其他家电
325,300280.SZ,传媒,互联网广告营销
326,300281.SZ,机械,塑料加工机械
327,300282.SZ,消费者服务,教育信息化及在线教育
328,300283.SZ,电力设备及新能源,输变电设备
329,300284.SZ,建筑,建筑设计及服务Ⅲ
330,300285.SZ,基础化工,电子化学品
331,300286.SZ,电力设备及新能源,电力电子及自动化
332,300287.SZ,计算机,行业应用软件
333,300288.SZ,计算机,行业应用软件
334,300289.SZ,医药,化学制剂
335,300290.SZ,计算机,行业应用软件
336,300291.SZ,传媒,影视
337,300292.SZ,通信,增值服务Ⅲ
338,300293.SZ,机械,其他专用机械
339,300294.SZ,医药,生物医药Ⅲ
340,300295.SZ,传媒,信息搜索与聚合
341,300296.SZ,电子,LED
342,300297.SZ,计算机,通用计算机设备
343,300298.SZ,医药,医疗器械
344,300299.SZ,传媒,游戏
345,300300.SZ,计算机,行业应用软件
346,300301.SZ,电子,LED
347,300302.SZ,计算机,通用计算机设备
348,300303.SZ,电子,LED
349,300304.SZ,汽车,汽车零部件Ⅲ
350,300305.SZ,基础化工,膜材料
351,300306.SZ,机械,仪器仪表Ⅲ
352,300307.SZ,机械,纺织服装机械
353,300308.SZ,通信,网络接配及塔设
354,300309.SZ,综合金融,多领域控股Ⅲ
355,300310.SZ,通信,网络覆盖优化与运维
356,300311.SZ,计算机,行业应用软件
357,300312.SZ,通信,网络接配及塔设
358,300313.SZ,农林牧渔,畜牧养殖
359,300314.SZ,医药,医疗器械
360,300315.SZ,传媒,游戏
361,300316.SZ,机械,光伏设备
362,300317.SZ,电力设备及新能源,太阳能
363,300318.SZ,医药,化学制剂
364,300319.SZ,电子,被动元件
365,300320.SZ,基础化工,橡胶制品
366,300321.SZ,基础化工,聚氨酯
367,300322.SZ,通信,通信终端及配件
368,300323.SZ,电子,LED
369,300324.SZ,计算机,专用计算机设备
370,300325.SZ,基础化工,其他塑料制品
371,300326.SZ,医药,医疗器械
372,300327.SZ,电子,集成电路
373,300328.SZ,有色金属,铝
374,300329.SZ,轻工制造,文娱轻工Ⅲ
375,300330.SZ,计算机,专用计算机设备
376,300331.SZ,电子,消费电子组件
377,300332.SZ,电力及公用事业,环保及水务
378,300333.SZ,计算机,专用计算机设备
379,300334.SZ,电力及公用事业,环保及水务
380,300335.SZ,电力及公用事业,环保及水务
381,300336.SZ,传媒,广播电视
382,300337.SZ,有色金属,铝
383,300338.SZ,消费者服务,高等及职业教育
384,300339.SZ,计算机,行业应用软件
385,300340.SZ,基础化工,锂电化学品
386,300341.SZ,电力设备及新能源,输变电设备
387,300342.SZ,家电,其他家电
388,300343.SZ,传媒,互联网广告营销
389,300344.SZ,建材,其他专用材料
390,300345.SZ,建材,其他专用材料
391,300346.SZ,电子,半导体材料
392,300347.SZ,医药,医疗服务
393,300348.SZ,计算机,行业应用软件
394,300349.SZ,机械,仪器仪表Ⅲ
395,300350.SZ,交通运输,物流综合
396,300351.SZ,机械,铁路交通设备
397,300352.SZ,计算机,基础软件及管理办公软件
398,300353.SZ,通信,其他通信设备
399,300354.SZ,机械,仪器仪表Ⅲ
400,300355.SZ,建筑,园林工程
401,300356.SZ,电力设备及新能源,电力电子及自动化
402,300357.SZ,医药,生物医药Ⅲ
403,300358.SZ,医药,医疗器械
404,300359.SZ,传媒,信息搜索与聚合
405,300360.SZ,电力设备及新能源,电力电子及自动化
406,300362.SZ,电力及公用事业,环保及水务
407,300363.SZ,医药,化学制剂
408,300364.SZ,传媒,出版
409,300365.SZ,计算机,行业应用软件
410,300366.SZ,计算机,行业应用软件
411,300367.SZ,计算机,行业应用软件
412,300368.SZ,计算机,专用计算机设备
413,300369.SZ,计算机,通用计算机设备
414,300370.SZ,机械,仪器仪表Ⅲ
415,300371.SZ,机械,仪器仪表Ⅲ
416,300373.SZ,电子,分立器件
417,300374.SZ,建材,其他装饰材料
418,300375.SZ,汽车,汽车零部件Ⅲ
419,300376.SZ,电力设备及新能源,储能
420,300377.SZ,计算机,行业应用软件
421,300378.SZ,计算机,基础软件及管理办公软件
422,300379.SZ,计算机,基础软件及管理办公软件
423,300380.SZ,计算机,行业应用软件
424,300381.SZ,农林牧渔,饲料加工
425,300382.SZ,机械,其他专用机械
426,300383.SZ,通信,增值服务Ⅲ
427,300384.SZ,石油石化,工程服务
428,300385.SZ,电力及公用事业,环保及水务
429,300386.SZ,计算机,行业应用软件
430,300387.SZ,基础化工,复合肥
431,300388.SZ,电力及公用事业,环保及水务
432,300389.SZ,电子,LED
433,300390.SZ,电子,其他电子零组件Ⅲ
434,300391.SZ,机械,光伏设备
435,300392.SZ,传媒,互联网广告营销
436,300393.SZ,电力设备及新能源,太阳能
437,300394.SZ,通信,网络接配及塔设
438,300395.SZ,国防军工,其他军工Ⅲ
439,300396.SZ,医药,医疗器械
440,300397.SZ,国防军工,兵器兵装Ⅲ
441,300398.SZ,基础化工,电子化学品
442,300399.SZ,计算机,行业应用软件
443,300400.SZ,机械,其他通用机械
444,300401.SZ,医药,化学制剂
445,300402.SZ,机械,金属制品Ⅲ
446,300403.SZ,家电,其他家电
447,300404.SZ,医药,医疗服务
448,300405.SZ,基础化工,其他化学原料
449,300406.SZ,医药,化学制剂
450,300407.SZ,电力设备及新能源,电力电子及自动化
451,300408.SZ,电子,被动元件
452,300409.SZ,建材,陶瓷
453,300410.SZ,机械,3C设备
454,300411.SZ,机械,铁路交通设备
455,300412.SZ,医药,医疗器械
456,300413.SZ,传媒,互联网影视音频
457,300414.SZ,通信,网络接配及塔设
458,300415.SZ,机械,塑料加工机械
459,300416.SZ,机械,仪器仪表Ⅲ
460,300417.SZ,机械,仪器仪表Ⅲ
461,300418.SZ,传媒,游戏
462,300419.SZ,计算机,行业应用软件
463,300420.SZ,机械,其他专用机械
464,300421.SZ,机械,金属制品Ⅲ
465,300422.SZ,电力及公用事业,环保及水务
466,300423.SZ,电力设备及新能源,配电设备
467,300424.SZ,国防军工,航空军工
468,300425.SZ,电力及公用事业,环保及水务
469,300426.SZ,传媒,影视
470,300427.SZ,电力设备及新能源,输变电设备
471,300428.SZ,有色金属,铝
472,300429.SZ,基础化工,电子化学品
473,300430.SZ,机械,其他专用机械
474,300432.SZ,汽车,汽车零部件Ⅲ
475,300433.SZ,电子,消费电子组件
476,300434.SZ,医药,化学制剂
477,300435.SZ,电力设备及新能源,燃料电池
478,300436.SZ,医药,化学原料药
479,300437.SZ,基础化工,其他化学制品Ⅲ
480,300438.SZ,电力设备及新能源,锂电池
481,300439.SZ,医药,医疗器械
482,300440.SZ,计算机,行业应用软件
483,300441.SZ,机械,基础件
484,300442.SZ,机械,其他专用机械
485,300443.SZ,电力设备及新能源,风电
486,300444.SZ,电力设备及新能源,输变电设备
487,300445.SZ,机械,仪器仪表Ⅲ
488,300446.SZ,基础化工,电子化学品
489,300447.SZ,国防军工,其他军工Ⅲ
490,300448.SZ,计算机,行业应用软件
491,300449.SZ,计算机,行业应用软件
492,300450.SZ,机械,锂电设备
493,300451.SZ,计算机,行业应用软件
494,300452.SZ,医药,化学原料药
495,300453.SZ,医药,医疗器械
496,300454.SZ,计算机,云基础设施服务
497,300455.SZ,计算机,专用计算机设备
498,300456.SZ,电子,其他电子零组件Ⅲ
499,300457.SZ,机械,锂电设备
500,300458.SZ,计算机,专用计算机设备
501,300459.SZ,传媒,游戏
502,300460.SZ,电子,分立器件
503,300461.SZ,机械,机床设备
504,300462.SZ,电子,其他电子零组件Ⅲ
505,300463.SZ,医药,化学制剂
506,300464.SZ,商贸零售,电商及服务Ⅲ
507,300465.SZ,计算机,行业应用软件
508,300466.SZ,电力设备及新能源,电力电子及自动化
509,300467.SZ,传媒,游戏
510,300468.SZ,计算机,行业应用软件
511,300469.SZ,计算机,行业应用软件
512,300470.SZ,机械,基础件
513,300471.SZ,机械,油气装备
514,300472.SZ,机械,其他专用机械
515,300473.SZ,汽车,汽车零部件Ⅲ
516,300474.SZ,国防军工,航天军工
517,300475.SZ,家电,其他家电
518,300476.SZ,电子,PCB
519,300477.SZ,电力设备及新能源,配电设备
520,300478.SZ,基础化工,改性塑料
521,300479.SZ,计算机,专用计算机设备
522,300480.SZ,机械,其他专用机械
523,300481.SZ,基础化工,电子化学品
524,300482.SZ,医药,生物医药Ⅲ
525,300483.SZ,电力及公用事业,燃气
526,300484.SZ,电力设备及新能源,车用电机电控
527,300485.SZ,医药,生物医药Ⅲ
528,300486.SZ,机械,其他专用机械
529,300487.SZ,基础化工,合成树脂
530,300488.SZ,机械,机床设备
531,300489.SZ,机械,核电设备
532,300490.SZ,电力设备及新能源,电力电子及自动化
533,300491.SZ,电力设备及新能源,电池综合服务
534,300492.SZ,建筑,建筑设计及服务Ⅲ
535,300493.SZ,电子,集成电路
536,300494.SZ,传媒,游戏
537,300495.SZ,建筑,园林工程
538,300496.SZ,计算机,行业应用软件
539,300497.SZ,医药,化学原料药
540,300498.SZ,农林牧渔,畜牧养殖
541,300499.SZ,机械,其他专用机械
542,300500.SZ,建筑,建筑装修Ⅲ
543,300501.SZ,轻工制造,其他包装
544,300502.SZ,通信,网络接配及塔设
545,300503.SZ,机械,基础件
546,300504.SZ,通信,通信终端及配件
547,300505.SZ,基础化工,磷肥及磷化工
548,300506.SZ,建筑,建筑装修Ⅲ
549,300507.SZ,汽车,汽车零部件Ⅲ
550,300508.SZ,机械,其他专用机械
551,300509.SZ,机械,其他专用机械
552,300510.SZ,电力设备及新能源,电池综合服务
553,300511.SZ,农林牧渔,农产品加工Ⅲ
554,300512.SZ,机械,其他专用机械
555,300513.SZ,计算机,行业应用软件
556,300514.SZ,电力设备及新能源,电力电子及自动化
557,300515.SZ,电子,其他电子零组件Ⅲ
558,300516.SZ,电子,消费电子组件
559,300517.SZ,建筑,专业工程及其他
560,300518.SZ,传媒,游戏
561,300519.SZ,医药,化学原料药
562,300520.SZ,计算机,行业应用软件
563,300521.SZ,机械,其他专用机械
564,300522.SZ,基础化工,印染化学品
565,300523.SZ,计算机,行业应用软件
566,300525.SZ,计算机,行业应用软件
567,300526.SZ,综合,综合Ⅲ
568,300527.SZ,国防军工,其他军工Ⅲ
569,300528.SZ,传媒,影视
570,300529.SZ,医药,医疗器械
571,300530.SZ,基础化工,其他化学制品Ⅲ
572,300531.SZ,计算机,专用计算机设备
573,300532.SZ,计算机,行业应用软件
574,300533.SZ,传媒,游戏
575,300534.SZ,医药,中成药
576,300535.SZ,基础化工,其他化学制品Ⅲ
577,300536.SZ,建筑,园林工程
578,300537.SZ,基础化工,电子化学品
579,300538.SZ,基础化工,改性塑料
580,300539.SZ,轻工制造,其他轻工Ⅲ
581,300540.SZ,电力设备及新能源,燃料电池
582,300541.SZ,计算机,行业应用软件
583,300542.SZ,计算机,行业应用软件
584,300543.SZ,电子,消费电子组件
585,300545.SZ,电子,消费电子设备
586,300546.SZ,计算机,行业应用软件
587,300547.SZ,基础化工,橡胶制品
588,300548.SZ,通信,网络接配及塔设
589,300549.SZ,机械,基础件
590,300550.SZ,计算机,行业应用软件
591,300551.SZ,机械,其他专用机械
592,300552.SZ,计算机,专用计算机设备
593,300553.SZ,机械,仪器仪表Ⅲ
594,300554.SZ,电力设备及新能源,太阳能
595,300555.SZ,通信,通信终端及配件
596,300556.SZ,计算机,行业应用软件
597,300557.SZ,机械,仪器仪表Ⅲ
598,300558.SZ,医药,化学制剂
599,300559.SZ,计算机,行业应用软件
600,300560.SZ,通信,网络覆盖优化与运维
601,300561.SZ,计算机,行业应用软件
602,300562.SZ,医药,医疗器械
603,300563.SZ,通信,线缆
604,300564.SZ,建筑,建筑设计及服务Ⅲ
605,300565.SZ,通信,网络接配及塔设
606,300566.SZ,电子,消费电子组件
607,300567.SZ,机械,3C设备
608,300568.SZ,基础化工,锂电化学品
609,300569.SZ,电力设备及新能源,风电
610,300570.SZ,通信,网络接配及塔设
611,300571.SZ,通信,增值服务Ⅲ
612,300572.SZ,机械,仪器仪表Ⅲ
613,300573.SZ,医药,生物医药Ⅲ
614,300575.SZ,基础化工,农药
615,300576.SZ,基础化工,电子化学品
616,300577.SZ,纺织服装,其他时尚品
617,300578.SZ,通信,增值服务Ⅲ
618,300579.SZ,计算机,基础软件及管理办公软件
619,300580.SZ,电力设备及新能源,燃料电池
620,300581.SZ,国防军工,航空军工
621,300582.SZ,家电,照明电工
622,300583.SZ,医药,生物医药Ⅲ
623,300584.SZ,医药,化学制剂
624,300585.SZ,汽车,汽车零部件Ⅲ
625,300586.SZ,基础化工,改性塑料
626,300587.SZ,基础化工,橡胶制品
627,300588.SZ,计算机,行业应用软件
628,300589.SZ,机械,船舶制造
629,300590.SZ,通信,通信终端及配件
630,300591.SZ,纺织服装,其他时尚品
631,300592.SZ,建筑,建筑装修Ⅲ
632,300593.SZ,电力设备及新能源,电力电子及自动化
633,300594.SZ,机械,铁路交通设备
634,300595.SZ,医药,医疗器械
635,300596.SZ,基础化工,其他化学制品Ⅲ
636,300597.SZ,通信,网络规划设计和工程施工
637,300598.SZ,计算机,行业应用软件
638,300599.SZ,基础化工,其他塑料制品
639,300600.SZ,机械,船舶制造
640,300601.SZ,医药,生物医药Ⅲ
641,300602.SZ,电子,消费电子组件
642,300603.SZ,通信,增值服务Ⅲ
643,300604.SZ,电子,半导体设备
644,300605.SZ,计算机,行业应用软件
645,300606.SZ,机械,基础件
646,300607.SZ,机械,工业机器人及工控系统
647,300608.SZ,计算机,行业应用软件
648,300609.SZ,计算机,行业应用软件
649,300610.SZ,基础化工,其他化学制品Ⅲ
650,300611.SZ,汽车,汽车零部件Ⅲ
651,300612.SZ,传媒,互联网广告营销
652,300613.SZ,电子,集成电路
653,300615.SZ,通信,网络接配及塔设
654,300616.SZ,轻工制造,家具
655,300617.SZ,电力设备及新能源,输变电设备
656,300618.SZ,有色金属,镍钴锡锑
657,300619.SZ,机械,其他专用机械
658,300620.SZ,通信,网络接配及塔设
659,300621.SZ,建筑,建筑装修Ⅲ
660,300622.SZ,医药,医疗器械
661,300623.SZ,电子,分立器件
662,300624.SZ,计算机,基础软件及管理办公软件
663,300625.SZ,家电,照明电工
664,300626.SZ,电力设备及新能源,车用电机电控
665,300627.SZ,通信,其他通信设备
666,300628.SZ,通信,通信终端及配件
667,300629.SZ,机械,基础件
668,300630.SZ,医药,化学制剂
669,300631.SZ,电力及公用事业,环保及水务
670,300632.SZ,家电,照明电工
671,300633.SZ,医药,医疗器械
672,300634.SZ,计算机,行业应用软件
673,300635.SZ,综合,综合Ⅲ
674,300636.SZ,医药,化学原料药
675,300637.SZ,基础化工,电子化学品
676,300638.SZ,通信,通信终端及配件
677,300639.SZ,医药,医疗器械
678,300640.SZ,轻工制造,其他家居
679,300641.SZ,基础化工,其他化学原料
680,300642.SZ,医药,医疗器械
681,300643.SZ,汽车,汽车零部件Ⅲ
682,300644.SZ,基础化工,改性塑料
683,300645.SZ,计算机,专用计算机设备
684,300647.SZ,电子,其他电子零组件Ⅲ
685,300648.SZ,机械,锂电设备
686,300649.SZ,建筑,建筑装修Ⅲ
687,300650.SZ,家电,照明电工
688,300651.SZ,轻工制造,其他轻工Ⅲ
689,300652.SZ,汽车,汽车零部件Ⅲ
690,300653.SZ,医药,生物医药Ⅲ
691,300654.SZ,传媒,出版
692,300655.SZ,基础化工,电子化学品
693,300656.SZ,电子,其他电子零组件Ⅲ
694,300657.SZ,电子,PCB
695,300658.SZ,轻工制造,其他轻工Ⅲ
696,300659.SZ,计算机,通用计算机设备
697,300660.SZ,电力设备及新能源,电机
698,300661.SZ,电子,集成电路
699,300662.SZ,消费者服务,人力资源服务
0,300663.SZ,计算机,行业应用软件
1,300664.SZ,电力及公用事业,环保及水务
2,300665.SZ,基础化工,涂料油墨颜料
3,300666.SZ,电子,半导体材料
4,300667.SZ,电子,其他电子零组件Ⅲ
5,300668.SZ,建筑,建筑装修Ⅲ
6,300669.SZ,机械,电梯
7,300670.SZ,电力设备及新能源,配电设备
8,300671.SZ,电子,集成电路
9,300672.SZ,电子,集成电路
10,300673.SZ,农林牧渔,宠物食品
11,300674.SZ,计算机,行业应用软件
12,300675.SZ,建筑,建筑设计及服务Ⅲ
13,300676.SZ,医药,医疗服务
14,300677.SZ,医药,医疗器械
15,300678.SZ,计算机,行业应用软件
16,300679.SZ,电子,消费电子组件
17,300680.SZ,汽车,汽车零部件Ⅲ
18,300681.SZ,电力设备及新能源,车用电机电控
19,300682.SZ,计算机,行业应用软件
20,300683.SZ,医药,生物医药Ⅲ
21,300684.SZ,基础化工,电子化学品
22,300685.SZ,医药,生物医药Ⅲ
23,300686.SZ,电子,消费电子组件
24,300687.SZ,计算机,咨询实施及其他服务
25,300688.SZ,消费者服务,服务综合
26,300689.SZ,通信,通信终端及配件
27,300690.SZ,基础化工,其他化学制品Ⅲ
28,300691.SZ,电子,安防
29,300692.SZ,电力及公用事业,环保及水务
30,300693.SZ,电力设备及新能源,电池综合服务
31,300694.SZ,电力设备及新能源,燃料电池
32,300695.SZ,汽车,汽车零部件Ⅲ
33,300696.SZ,国防军工,航空军工
34,300697.SZ,有色金属,铜
35,300698.SZ,通信,网络接配及塔设
36,300699.SZ,国防军工,其他军工Ⅲ
37,300700.SZ,电力设备及新能源,太阳能
38,300701.SZ,电子,其他电子零组件Ⅲ
39,300702.SZ,医药,化学制剂
40,300703.SZ,轻工制造,文娱轻工Ⅲ
41,300705.SZ,医药,化学制剂
42,300706.SZ,电子,半导体材料
43,300707.SZ,汽车,汽车零部件Ⅲ
44,300708.SZ,电子,LED
45,300709.SZ,电子,消费电子组件
46,300710.SZ,通信,网络接配及塔设
47,300711.SZ,通信,其他通信设备
48,300712.SZ,建筑,专业工程及其他
49,300713.SZ,电力设备及新能源,电池综合服务
50,300715.SZ,建材,其他装饰材料
51,300716.SZ,基础化工,其他塑料制品
52,300717.SZ,基础化工,其他塑料制品
53,300718.SZ,机械,基础件
54,300719.SZ,国防军工,航空军工
55,300720.SZ,机械,仪器仪表Ⅲ
56,300721.SZ,基础化工,其他化学原料
57,300722.SZ,国防军工,其他军工Ⅲ
58,300723.SZ,医药,化学制剂
59,300724.SZ,机械,光伏设备
60,300725.SZ,医药,生物医药Ⅲ
61,300726.SZ,国防军工,其他军工Ⅲ
62,300727.SZ,基础化工,印染化学品
63,300729.SZ,轻工制造,其他轻工Ⅲ
64,300730.SZ,计算机,行业应用软件
65,300731.SZ,通信,通信终端及配件
66,300732.SZ,建筑,建筑设计及服务Ⅲ
67,300733.SZ,汽车,汽车零部件Ⅲ
68,300735.SZ,通信,通信终端及配件
69,300736.SZ,通信,其他通信设备
70,300737.SZ,建材,其他装饰材料
71,300738.SZ,计算机,云基础设施服务
72,300739.SZ,电子,PCB
73,300740.SZ,基础化工,日用化学品
74,300741.SZ,食品饮料,其他食品
75,300742.SZ,汽车,汽车零部件Ⅲ
76,300743.SZ,计算机,专用计算机设备
77,300745.SZ,电力设备及新能源,车用电机电控
78,300746.SZ,建筑,建筑装修Ⅲ
79,300747.SZ,电子,消费电子设备
80,300748.SZ,有色金属,稀土及磁性材料
81,300749.SZ,轻工制造,家具
82,300750.SZ,电力设备及新能源,锂电池
83,300751.SZ,机械,光伏设备
84,300752.SZ,电子,LED
85,300753.SZ,医药,医疗器械
86,300755.SZ,商贸零售,其他连锁
87,300756.SZ,机械,其他专用机械
88,300757.SZ,机械,光伏设备
89,300758.SZ,基础化工,涂料油墨颜料
90,300759.SZ,医药,医疗服务
91,300760.SZ,医药,医疗器械
92,300761.SZ,农林牧渔,畜牧养殖
93,300762.SZ,国防军工,其他军工Ⅲ
94,300763.SZ,电力设备及新能源,输变电设备
95,300765.SZ,医药,化学原料药
96,300766.SZ,传媒,互联网广告营销
97,300767.SZ,基础化工,橡胶制品
98,300768.SZ,计算机,通用计算机设备
99,300769.SZ,基础化工,锂电化学品
100,300770.SZ,传媒,互联网影视音频
101,300771.SZ,计算机,专用计算机设备
102,300772.SZ,电力设备及新能源,风电
103,300773.SZ,综合金融,数字金融服务
104,300775.SZ,国防军工,航空军工
105,300776.SZ,电子,消费电子设备
106,300777.SZ,国防军工,其他军工Ⅲ
107,300778.SZ,建筑,建筑装修Ⅲ
108,300779.SZ,电力及公用事业,环保及水务
109,300780.SZ,机械,基础件
110,300781.SZ,传媒,其他广告营销
111,300782.SZ,电子,集成电路
112,300783.SZ,食品饮料,休闲食品
113,300785.SZ,商贸零售,电商及服务Ⅲ
114,300786.SZ,机械,其他专用机械
115,300787.SZ,电子,消费电子组件
116,300788.SZ,传媒,出版
117,300789.SZ,计算机,专用计算机设备
118,300790.SZ,电子,安防
119,300791.SZ,食品饮料,其他食品
120,300792.SZ,商贸零售,电商及服务Ⅲ
121,300793.SZ,电子,消费电子组件
122,300795.SZ,消费者服务,服务综合
123,300796.SZ,基础化工,农药
124,300797.SZ,机械,仪器仪表Ⅲ
125,300798.SZ,基础化工,涂料油墨颜料
126,300799.SZ,计算机,专用计算机设备
127,300800.SZ,机械,其他专用机械
128,300801.SZ,基础化工,其他化学制品Ⅲ
129,300802.SZ,机械,其他专用机械
130,300803.SZ,计算机,行业应用软件
131,300805.SZ,传媒,其他广告营销
132,300806.SZ,基础化工,膜材料
133,300807.SZ,计算机,专用计算机设备
134,300808.SZ,电子,LED
135,300809.SZ,机械,机床设备
136,300810.SZ,国防军工,其他军工Ⅲ
137,300811.SZ,有色金属,稀土及磁性材料
138,300812.SZ,电子,消费电子设备
139,300813.SZ,机械,其他专用机械
140,300815.SZ,电力及公用事业,环保及水务
141,300816.SZ,汽车,汽车零部件Ⅲ
142,300817.SZ,机械,基础件
143,300818.SZ,机械,矿山冶金机械
144,300819.SZ,纺织服装,其他纺织
145,300820.SZ,电力设备及新能源,电力电子及自动化
146,300821.SZ,基础化工,有机硅
147,300822.SZ,电子,其他电子零组件Ⅲ
148,300823.SZ,机械,其他专用机械
149,300824.SZ,家电,小家电Ⅲ
150,300825.SZ,汽车,汽车零部件Ⅲ
151,300826.SZ,建筑,建筑设计及服务Ⅲ
152,300827.SZ,电力设备及新能源,配电设备
153,300828.SZ,机械,金属制品Ⅲ
154,300829.SZ,基础化工,食品及饲料添加剂
155,300830.SZ,计算机,行业应用软件
156,300831.SZ,电子,分立器件
157,300832.SZ,医药,医疗器械
158,300833.SZ,机械,其他专用机械
159,300835.SZ,有色金属,稀土及磁性材料
160,300836.SZ,机械,其他专用机械
161,300837.SZ,机械,矿山冶金机械
162,300838.SZ,机械,基础件
163,300839.SZ,石油石化,其他石化
164,300840.SZ,纺织服装,中高端成人品牌服饰
165,300841.SZ,医药,生物医药Ⅲ
166,300842.SZ,电子,半导体材料
167,300843.SZ,电子,消费电子组件
168,300845.SZ,计算机,行业应用软件
169,300846.SZ,计算机,云基础设施服务
170,300847.SZ,基础化工,其他化学制品Ⅲ
171,300848.SZ,基础化工,聚氨酯
172,300849.SZ,轻工制造,其他包装
173,300850.SZ,机械,基础件
174,300851.SZ,机械,铁路交通设备
175,300852.SZ,电子,PCB
176,300853.SZ,电力设备及新能源,电力电子及自动化
177,300855.SZ,钢铁,特钢
178,300856.SZ,基础化工,日用化学品
179,300857.SZ,电子,消费电子组件
180,300858.SZ,食品饮料,其他食品
181,300859.SZ,消费者服务,景区
182,300860.SZ,建筑,专业工程及其他
183,300861.SZ,机械,其他通用机械
184,300862.SZ,机械,仪器仪表Ⅲ
185,300863.SZ,汽车,汽车零部件Ⅲ
186,300864.SZ,电力及公用事业,环保及水务
187,300865.SZ,机械,矿山冶金机械
188,300866.SZ,电子,消费电子组件
189,300867.SZ,电力及公用事业,环保及水务
190,300868.SZ,电子,消费电子组件
191,300869.SZ,医药,医疗器械
192,300870.SZ,电子,其他电子零组件Ⅲ
193,300871.SZ,农林牧渔,动物疫苗及兽药
194,300872.SZ,计算机,咨询实施及其他服务
195,300873.SZ,交通运输,物流综合
196,300875.SZ,国防军工,兵器兵装Ⅲ
197,300876.SZ,石油石化,其他石化
198,300877.SZ,纺织服装,其他纺织
199,300878.SZ,医药,中成药
200,300879.SZ,机械,其他专用机械
201,300880.SZ,电力设备及新能源,电力电子及自动化
202,300881.SZ,钢铁,特钢
203,300882.SZ,电力设备及新能源,电力电子及自动化
204,300883.SZ,轻工制造,纸包装
205,300884.SZ,电子,其他电子零组件Ⅲ
206,300885.SZ,机械,基础件
207,300886.SZ,基础化工,其他化学制品Ⅲ
208,300887.SZ,机械,仪器仪表Ⅲ
209,300888.SZ,纺织服装,棉纺制品
210,300889.SZ,电子,LED
211,300890.SZ,基础化工,锂电化学品
212,300891.SZ,基础化工,钛白粉
213,300892.SZ,食品饮料,休闲食品
214,300893.SZ,汽车,汽车零部件Ⅲ
215,300894.SZ,家电,厨房电器Ⅲ
216,300895.SZ,计算机,云基础设施服务
217,300896.SZ,医药,医疗器械
218,300897.SZ,机械,仪器仪表Ⅲ
219,300898.SZ,食品饮料,乳制品
220,300899.SZ,电力及公用事业,环保及水务
221,300900.SZ,国防军工,航空军工
222,300901.SZ,纺织服装,其他时尚品
223,300902.SZ,机械,其他专用机械
224,300903.SZ,电子,PCB
225,300905.SZ,基础化工,印染化学品
226,300906.SZ,机械,仪器仪表Ⅲ
227,300907.SZ,机械,其他通用机械
228,300908.SZ,食品饮料,调味品
229,300909.SZ,电子,其他电子零组件Ⅲ
230,300910.SZ,基础化工,其他化学制品Ⅲ
231,300911.SZ,家电,厨房电器Ⅲ
232,300912.SZ,电力及公用事业,环保及水务
233,300913.SZ,电子,其他电子零组件Ⅲ
234,300915.SZ,食品饮料,休闲食品
235,300916.SZ,家电,照明电工
236,300917.SZ,房地产,物业管理服务
237,300918.SZ,纺织服装,其他纺织
238,300919.SZ,基础化工,锂电化学品
239,300920.SZ,基础化工,其他塑料制品
240,300921.SZ,通信,增值服务Ⅲ
241,300922.SZ,国防军工,其他军工Ⅲ
242,300923.SZ,机械,铁路交通设备
243,300925.SZ,计算机,咨询实施及其他服务
244,300999.SZ,农林牧渔,农产品加工Ⅲ
245,430047.BJ,,
246,430198.BJ,,
247,430418.BJ,,
248,430489.BJ,,
249,430510.BJ,,
250,600000.SH,银行,全国性股份制银行Ⅲ
251,600004.SH,交通运输,机场
252,600006.SH,汽车,卡车
253,600007.SH,房地产,非住宅物业开发和运营
254,600008.SH,电力及公用事业,环保及水务
255,600009.SH,交通运输,机场
256,600010.SH,钢铁,板材
257,600011.SH,电力及公用事业,火电
258,600012.SH,交通运输,公路
259,600015.SH,银行,全国性股份制银行Ⅲ
260,600016.SH,银行,全国性股份制银行Ⅲ
261,600017.SH,交通运输,港口
262,600018.SH,交通运输,港口
263,600019.SH,钢铁,板材
264,600020.SH,交通运输,公路
265,600021.SH,电力及公用事业,火电
266,600022.SH,钢铁,板材
267,600023.SH,电力及公用事业,火电
268,600025.SH,电力及公用事业,水电
269,600026.SH,交通运输,航运
270,600027.SH,电力及公用事业,火电
271,600028.SH,石油石化,炼油
272,600029.SH,交通运输,航空
273,600030.SH,非银行金融,证券Ⅲ
274,600031.SH,机械,工程机械Ⅲ
275,600033.SH,交通运输,公路
276,600035.SH,交通运输,公路
277,600036.SH,银行,全国性股份制银行Ⅲ
278,600037.SH,传媒,广播电视
279,600038.SH,国防军工,航空军工
280,600039.SH,建筑,基建建设
281,600048.SH,房地产,住宅物业开发
282,600050.SH,通信,电信运营Ⅲ
283,600051.SH,综合,综合Ⅲ
284,600052.SH,房地产,住宅物业开发
285,600053.SH,综合金融,资产管理Ⅲ
286,600054.SH,消费者服务,景区
287,600055.SH,医药,医疗器械
288,600056.SH,医药,医药流通
289,600057.SH,交通运输,物流综合
290,600058.SH,钢铁,贸易流通
291,600059.SH,食品饮料,其他酒
292,600060.SH,家电,黑色家电Ⅲ
293,600061.SH,非银行金融,证券Ⅲ
294,600062.SH,医药,化学制剂
295,600063.SH,基础化工,氯碱
296,600064.SH,房地产,住宅物业开发
297,600066.SH,汽车,客车
298,600067.SH,房地产,住宅物业开发
299,600068.SH,建筑,基建建设
300,600070.SH,综合,综合Ⅲ
301,600071.SH,电子,显示零组
302,600072.SH,机械,船舶制造
303,600073.SH,食品饮料,肉制品
304,600075.SH,基础化工,氯碱
305,600076.SH,轻工制造,其他包装
306,600077.SH,房地产,住宅物业开发
307,600078.SH,基础化工,磷肥及磷化工
308,600079.SH,医药,化学制剂
309,600080.SH,医药,生物医药Ⅲ
310,600081.SH,汽车,汽车零部件Ⅲ
311,600082.SH,综合,综合Ⅲ
312,600083.SH,计算机,专用计算机设备
313,600084.SH,食品饮料,其他酒
314,600085.SH,医药,中成药
315,600086.SH,商贸零售,珠宝首饰及钟表
316,600088.SH,传媒,其他广告营销
317,600089.SH,电力设备及新能源,输变电设备
318,600090.SH,医药,医药流通
319,600091.SH,基础化工,氯碱
320,600093.SH,综合金融,多领域控股Ⅲ
321,600094.SH,房地产,住宅物业开发
322,600095.SH,综合,综合Ⅲ
323,600096.SH,基础化工,磷肥及磷化工
324,600097.SH,农林牧渔,水产捕捞
325,600098.SH,电力及公用事业,火电
326,600099.SH,汽车,摩托车及其他Ⅲ
327,600100.SH,计算机,通用计算机设备
328,600101.SH,电力及公用事业,电网
329,600103.SH,轻工制造,造纸Ⅲ
330,600104.SH,汽车,乘用车Ⅲ
331,600105.SH,通信,线缆
332,600106.SH,交通运输,公路
333,600107.SH,纺织服装,其他纺织
334,600108.SH,农林牧渔,种植
335,600109.SH,非银行金融,证券Ⅲ
336,600110.SH,电子,消费电子组件
337,600111.SH,有色金属,稀土及磁性材料
338,600112.SH,电力设备及新能源,输变电设备
339,600113.SH,商贸零售,专业市场经营Ⅲ
340,600114.SH,机械,金属制品Ⅲ
341,600115.SH,交通运输,航空
342,600116.SH,电力及公用事业,电网
343,600117.SH,钢铁,特钢
344,600118.SH,国防军工,航天军工
345,600119.SH,交通运输,物流综合
346,600120.SH,综合金融,多领域控股Ⅲ
347,600121.SH,煤炭,动力煤
348,600122.SH,商贸零售,家电3C
349,600123.SH,煤炭,无烟煤
350,600125.SH,交通运输,铁路
351,600126.SH,钢铁,板材
352,600127.SH,农林牧渔,农产品加工Ⅲ
353,600128.SH,综合,综合Ⅲ
354,600129.SH,医药,中成药
355,600130.SH,通信,通信终端及配件
356,600131.SH,计算机,行业应用软件
357,600132.SH,食品饮料,啤酒
358,600133.SH,房地产,住宅物业开发
359,600135.SH,基础化工,膜材料
360,600136.SH,传媒,其他文化娱乐
361,600137.SH,纺织服装,其他时尚品
362,600138.SH,消费者服务,景区
363,600139.SH,综合,综合Ⅲ
364,600141.SH,基础化工,磷肥及磷化工
365,600143.SH,基础化工,改性塑料
366,600145.SH,商贸零售,贸易Ⅲ
367,600146.SH,纺织服装,其他时尚品
368,600148.SH,汽车,汽车零部件Ⅲ
369,600149.SH,综合,综合Ⅲ
370,600150.SH,机械,船舶制造
371,600151.SH,电力设备及新能源,太阳能
372,600152.SH,综合,综合Ⅲ
373,600153.SH,交通运输,物流综合
374,600155.SH,非银行金融,证券Ⅲ
375,600156.SH,纺织服装,非棉纺织品
376,600157.SH,煤炭,炼焦煤
377,600158.SH,传媒,其他文化娱乐
378,600159.SH,房地产,住宅物业开发
379,600160.SH,基础化工,氟化工
380,600161.SH,医药,生物医药Ⅲ
381,600162.SH,房地产,住宅物业开发
382,600163.SH,电力设备及新能源,风电
383,600165.SH,机械,金属制品Ⅲ
384,600166.SH,汽车,卡车
385,600167.SH,电力及公用事业,火电
386,600168.SH,电力及公用事业,环保及水务
387,600169.SH,机械,起重运输设备
388,600170.SH,建筑,房建建设
389,600171.SH,电子,集成电路
390,600172.SH,机械,其他专用机械
391,600173.SH,房地产,住宅物业开发
392,600176.SH,建材,玻璃纤维
393,600177.SH,纺织服装,大众成人品牌服饰
394,600178.SH,汽车,汽车零部件Ⅲ
395,600179.SH,交通运输,物流综合
396,600180.SH,交通运输,物流综合
397,600182.SH,基础化工,轮胎
398,600183.SH,电子,PCB
399,600184.SH,国防军工,航空军工
400,600185.SH,房地产,住宅物业开发
401,600186.SH,食品饮料,调味品
402,600187.SH,电力及公用事业,环保及水务
403,600188.SH,煤炭,动力煤
404,600189.SH,农林牧渔,林木及加工
405,600190.SH,交通运输,港口
406,600191.SH,农林牧渔,农产品加工Ⅲ
407,600192.SH,电力设备及新能源,输变电设备
408,600193.SH,建筑,建筑装修Ⅲ
409,600195.SH,农林牧渔,动物疫苗及兽药
410,600196.SH,医药,化学制剂
411,600197.SH,食品饮料,白酒
412,600198.SH,通信,系统设备
413,600199.SH,食品饮料,白酒
414,600200.SH,综合,综合Ⅲ
415,600201.SH,医药,生物医药Ⅲ
416,600202.SH,电力设备及新能源,综合能源设备
417,600203.SH,电子,消费电子组件
418,600206.SH,电子,半导体材料
419,600207.SH,电力设备及新能源,太阳能
420,600208.SH,房地产,住宅物业开发
421,600209.SH,建筑,建筑装修Ⅲ
422,600210.SH,轻工制造,其他包装
423,600211.SH,医药,中成药
424,600212.SH,综合,综合Ⅲ
425,600213.SH,汽车,客车
426,600215.SH,房地产,园区综合开发
427,600216.SH,医药,化学原料药
428,600217.SH,电力及公用事业,环保及水务
429,600218.SH,电力设备及新能源,燃料电池
430,600219.SH,有色金属,铝
431,600220.SH,纺织服装,非棉纺织品
432,600221.SH,交通运输,航空
433,600222.SH,医药,中成药
434,600223.SH,房地产,住宅物业开发
435,600225.SH,房地产,住宅物业开发
436,600226.SH,基础化工,农药
437,600227.SH,基础化工,氮肥
438,600228.SH,基础化工,其他化学原料
439,600229.SH,传媒,出版
440,600230.SH,基础化工,聚氨酯
441,600231.SH,钢铁,长材
442,600232.SH,纺织服装,非棉纺织品
443,600233.SH,交通运输,快递
444,600234.SH,综合,综合Ⅲ
445,600235.SH,轻工制造,造纸Ⅲ
446,600236.SH,电力及公用事业,水电
447,600237.SH,电子,被动元件
448,600238.SH,食品饮料,其他酒
449,600239.SH,房地产,住宅物业开发
450,600241.SH,商贸零售,贸易Ⅲ
451,600242.SH,传媒,互联网广告营销
452,600243.SH,机械,机床设备
453,600246.SH,房地产,住宅物业开发
454,600247.SH,商贸零售,贸易Ⅲ
455,600248.SH,建筑,专业工程及其他
456,600249.SH,基础化工,日用化学品
457,600250.SH,商贸零售,贸易Ⅲ
458,600251.SH,农林牧渔,农产品加工Ⅲ
459,600252.SH,医药,中成药
460,600255.SH,有色金属,铜
461,600256.SH,石油石化,石油开采Ⅲ
462,600257.SH,农林牧渔,水产养殖
463,600258.SH,消费者服务,酒店
464,600259.SH,有色金属,稀土及磁性材料
465,600260.SH,通信,线缆
466,600261.SH,家电,照明电工
467,600262.SH,机械,矿山冶金机械
468,600265.SH,农林牧渔,林木及加工
469,600266.SH,房地产,住宅物业开发
470,600267.SH,医药,化学原料药
471,600268.SH,电力设备及新能源,电力电子及自动化
472,600269.SH,交通运输,公路
473,600271.SH,计算机,行业应用软件
474,600272.SH,医药,中成药
475,600273.SH,电力设备及新能源,燃料电池
476,600275.SH,农林牧渔,水产养殖
477,600276.SH,医药,化学制剂
478,600277.SH,基础化工,氯碱
479,600278.SH,商贸零售,贸易Ⅲ
480,600279.SH,交通运输,港口
481,600280.SH,商贸零售,百货
482,600281.SH,基础化工,氯碱
483,600282.SH,钢铁,板材
484,600283.SH,电力及公用事业,环保及水务
485,600284.SH,建筑,基建建设
486,600285.SH,医药,中成药
487,600287.SH,商贸零售,贸易Ⅲ
488,600288.SH,电子,消费电子组件
489,600289.SH,通信,其他通信设备
490,600290.SH,电力设备及新能源,输变电设备
491,600291.SH,非银行金融,保险Ⅲ
492,600292.SH,电力及公用事业,环保及水务
493,600293.SH,建材,玻璃
494,600295.SH,钢铁,铁矿石
495,600297.SH,汽车,汽车销售及服务Ⅲ
496,600298.SH,食品饮料,其他食品
497,600299.SH,基础化工,食品及饲料添加剂
498,600300.SH,食品饮料,非乳饮料
499,600301.SH,基础化工,氯碱
500,600302.SH,机械,纺织服装机械
501,600303.SH,汽车,客车
502,600305.SH,食品饮料,调味品
503,600306.SH,商贸零售,百货
504,600307.SH,钢铁,长材
505,600308.SH,轻工制造,造纸Ⅲ
506,600309.SH,基础化工,聚氨酯
507,600310.SH,电力及公用事业,电网
508,600311.SH,有色金属,黄金
509,600312.SH,电力设备及新能源,输变电设备
510,600313.SH,农林牧渔,农产品加工Ⅲ
511,600315.SH,基础化工,日用化学品
512,600316.SH,国防军工,航空军工
513,600317.SH,交通运输,港口
514,600318.SH,综合金融,多领域控股Ⅲ
515,600319.SH,基础化工,氯碱
516,600320.SH,机械,起重运输设备
517,600321.SH,建材,其他装饰材料
518,600322.SH,房地产,住宅物业开发
519,600323.SH,电力及公用事业,环保及水务
520,600325.SH,房地产,住宅物业开发
521,600326.SH,建筑,基建建设
522,600327.SH,汽车,汽车销售及服务Ⅲ
523,600328.SH,基础化工,纯碱
524,600329.SH,医药,中成药
525,600330.SH,有色金属,稀土及磁性材料
526,600331.SH,有色金属,铅锌
527,600332.SH,医药,中成药
528,600333.SH,电力及公用事业,燃气
529,600335.SH,汽车,汽车销售及服务Ⅲ
530,600336.SH,家电,白色家电Ⅲ
531,600337.SH,轻工制造,家具
532,600338.SH,有色金属,铅锌
533,600339.SH,石油石化,工程服务
534,600340.SH,房地产,住宅物业开发
535,600343.SH,国防军工,航天军工
536,600345.SH,通信,其他通信设备
537,600346.SH,石油石化,其他石化
538,600348.SH,煤炭,无烟煤
539,600350.SH,交通运输,公路
540,600351.SH,医药,中成药
541,600352.SH,基础化工,印染化学品
542,600353.SH,电子,其他电子零组件Ⅲ
543,600354.SH,农林牧渔,种业
544,600355.SH,通信,通信终端及配件
545,600356.SH,轻工制造,造纸Ⅲ
546,600358.SH,消费者服务,休闲综合
547,600359.SH,农林牧渔,种植
548,600360.SH,电子,分立器件
549,600361.SH,商贸零售,超市及便利店
550,600362.SH,有色金属,铜
551,600363.SH,电子,LED
552,600365.SH,食品饮料,其他酒
553,600366.SH,有色金属,稀土及磁性材料
554,600367.SH,基础化工,无机盐
555,600368.SH,交通运输,公路
556,600369.SH,非银行金融,证券Ⅲ
557,600370.SH,纺织服装,印染
558,600371.SH,农林牧渔,种业
559,600372.SH,国防军工,航空军工
560,600373.SH,传媒,出版
561,600375.SH,汽车,卡车
562,600376.SH,房地产,住宅物业开发
563,600377.SH,交通运输,公路
564,600378.SH,石油石化,工程服务
565,600379.SH,电力设备及新能源,输变电设备
566,600380.SH,医药,化学制剂
567,600381.SH,食品饮料,其他食品
568,600382.SH,综合,综合Ⅲ
569,600383.SH,房地产,住宅物业开发
570,600385.SH,有色金属,黄金
571,600386.SH,传媒,其他广告营销
572,600387.SH,石油石化,油品销售及仓储
573,600388.SH,电力及公用事业,环保及水务
574,600389.SH,基础化工,农药
575,600390.SH,非银行金融,证券Ⅲ
576,600391.SH,国防军工,航空军工
577,600392.SH,有色金属,稀土及磁性材料
578,600393.SH,房地产,住宅物业开发
579,600395.SH,煤炭,炼焦煤
580,600396.SH,电力及公用事业,火电
581,600397.SH,煤炭,动力煤
582,600398.SH,纺织服装,大众成人品牌服饰
583,600399.SH,钢铁,特钢
584,600400.SH,纺织服装,大众成人品牌服饰
585,600403.SH,煤炭,动力煤
586,600405.SH,电力设备及新能源,电力电子及自动化
587,600406.SH,电力设备及新能源,电力电子及自动化
588,600408.SH,煤炭,焦炭
589,600409.SH,基础化工,粘胶
590,600410.SH,计算机,咨询实施及其他服务
591,600415.SH,商贸零售,专业市场经营Ⅲ
592,600416.SH,电力设备及新能源,风电
593,600418.SH,汽车,乘用车Ⅲ
594,600419.SH,食品饮料,乳制品
595,600420.SH,医药,化学制剂
596,600421.SH,机械,其他通用机械
597,600422.SH,医药,中成药
598,600423.SH,基础化工,氮肥
599,600425.SH,建材,水泥
600,600426.SH,基础化工,氮肥
601,600428.SH,交通运输,航运
602,600429.SH,食品饮料,乳制品
603,600433.SH,轻工制造,造纸Ⅲ
604,600435.SH,国防军工,兵器兵装Ⅲ
605,600436.SH,医药,中成药
606,600438.SH,电力设备及新能源,太阳能
607,600439.SH,纺织服装,其他时尚品
608,600444.SH,基础化工,其他塑料制品
609,600446.SH,计算机,行业应用软件
610,600448.SH,纺织服装,印染
611,600449.SH,建材,水泥
612,600452.SH,电力设备及新能源,配电设备
613,600455.SH,计算机,行业应用软件
614,600456.SH,有色金属,其他稀有金属
615,600458.SH,基础化工,橡胶制品
616,600459.SH,有色金属,其他稀有金属
617,600460.SH,电子,分立器件
618,600461.SH,电力及公用事业,环保及水务
619,600462.SH,通信,系统设备
620,600463.SH,房地产,园区综合开发
621,600466.SH,房地产,住宅物业开发
622,600467.SH,农林牧渔,水产养殖
623,600468.SH,电力设备及新能源,输变电设备
624,600469.SH,基础化工,轮胎
625,600470.SH,基础化工,磷肥及磷化工
626,600475.SH,电力设备及新能源,综合能源设备
627,600476.SH,计算机,行业应用软件
628,600477.SH,建筑,专业工程及其他
629,600478.SH,电子,其他电子零组件Ⅲ
630,600479.SH,医药,中成药
631,600480.SH,汽车,汽车零部件Ⅲ
632,600481.SH,机械,其他专用机械
633,600482.SH,电力设备及新能源,综合能源设备
634,600483.SH,电力设备及新能源,风电
635,600485.SH,通信,系统设备
636,600486.SH,基础化工,农药
637,600487.SH,通信,线缆
638,600488.SH,医药,化学原料药
639,600489.SH,有色金属,黄金
640,600490.SH,有色金属,铜
641,600491.SH,建筑,房建建设
642,600493.SH,纺织服装,棉纺制品
643,600495.SH,机械,铁路交通设备
644,600496.SH,建筑,专业工程及其他
645,600497.SH,有色金属,铅锌
646,600498.SH,通信,系统设备
647,600499.SH,电力及公用事业,环保及水务
648,600500.SH,基础化工,橡胶制品
649,600501.SH,国防军工,航天军工
650,600502.SH,建筑,基建建设
651,600503.SH,房地产,住宅物业开发
652,600505.SH,电力及公用事业,电网
653,600506.SH,农林牧渔,农产品加工Ⅲ
654,600507.SH,钢铁,特钢
655,600508.SH,煤炭,动力煤
656,600509.SH,电力及公用事业,火电
657,600510.SH,综合,综合Ⅲ
658,600511.SH,医药,医药流通
659,600512.SH,建筑,基建建设
660,600513.SH,医药,化学制剂
661,600515.SH,房地产,园区综合开发
662,600516.SH,钢铁,钢铁耗材
663,600517.SH,电力设备及新能源,输变电设备
664,600518.SH,医药,中药饮片
665,600519.SH,食品饮料,白酒
666,600520.SH,机械,其他专用机械
667,600521.SH,医药,化学原料药
668,600522.SH,通信,线缆
669,600523.SH,汽车,汽车零部件Ⅲ
670,600525.SH,电力设备及新能源,输变电设备
671,600526.SH,电力及公用事业,环保及水务
672,600527.SH,纺织服装,非棉纺织品
673,600528.SH,建筑,专业工程及其他
674,600529.SH,医药,医疗器械
675,600530.SH,医药,生物医药Ⅲ
676,600531.SH,有色金属,铅锌
677,600532.SH,钢铁,铁矿石
678,600533.SH,房地产,住宅物业开发
679,600535.SH,医药,中成药
680,600536.SH,计算机,行业应用软件
681,600537.SH,电力设备及新能源,太阳能
682,600538.SH,基础化工,农药
683,600539.SH,轻工制造,其他家居
684,600540.SH,农林牧渔,农产品加工Ⅲ
685,600543.SH,食品饮料,其他酒
686,600545.SH,建筑,专业工程及其他
687,600546.SH,煤炭,动力煤
688,600547.SH,有色金属,黄金
689,600548.SH,交通运输,公路
690,600549.SH,有色金属,钨
691,600550.SH,电力设备及新能源,输变电设备
692,600551.SH,传媒,出版
693,600552.SH,电子,显示零组
694,600555.SH,综合,综合Ⅲ
695,600556.SH,传媒,互联网广告营销
696,600557.SH,医药,中成药
697,600558.SH,机械,金属制品Ⅲ
698,600559.SH,食品饮料,白酒
699,600560.SH,机械,矿山冶金机械
0,600561.SH,交通运输,公交
1,600562.SH,国防军工,其他军工Ⅲ
2,600563.SH,电子,被动元件
3,600565.SH,房地产,住宅物业开发
4,600566.SH,医药,中成药
5,600567.SH,轻工制造,造纸Ⅲ
6,600568.SH,医药,医疗器械
7,600569.SH,钢铁,板材
8,600570.SH,计算机,行业应用软件
9,600571.SH,计算机,行业应用软件
10,600572.SH,医药,中成药
11,600573.SH,食品饮料,啤酒
12,600575.SH,煤炭,动力煤
13,600576.SH,传媒,动漫
14,600577.SH,电力设备及新能源,输变电设备
15,600578.SH,电力及公用事业,火电
16,600579.SH,机械,塑料加工机械
17,600580.SH,电力设备及新能源,车用电机电控
18,600581.SH,钢铁,板材
19,600582.SH,机械,矿山冶金机械
20,600583.SH,石油石化,工程服务
21,600584.SH,电子,集成电路
22,600585.SH,建材,水泥
23,600586.SH,建材,玻璃
24,600587.SH,医药,医疗器械
25,600588.SH,计算机,云软件服务
26,600589.SH,基础化工,其他塑料制品
27,600590.SH,电力设备及新能源,电力电子及自动化
28,600592.SH,机械,基础件
29,600593.SH,消费者服务,景区
30,600594.SH,医药,中成药
31,600595.SH,有色金属,铝
32,600596.SH,基础化工,农药
33,600597.SH,食品饮料,乳制品
34,600598.SH,农林牧渔,种植
35,600599.SH,综合金融,多领域控股Ⅲ
36,600600.SH,食品饮料,啤酒
37,600601.SH,计算机,通用计算机设备
38,600602.SH,计算机,行业应用软件
39,600603.SH,房地产,非住宅物业开发和运营
40,600604.SH,房地产,园区综合开发
41,600605.SH,商贸零售,贸易Ⅲ
42,600606.SH,房地产,住宅物业开发
43,600608.SH,钢铁,贸易流通
44,600609.SH,汽车,客车
45,600610.SH,建筑,园林工程
46,600611.SH,交通运输,公交
47,600612.SH,商贸零售,珠宝首饰及钟表
48,600613.SH,医药,中成药
49,600614.SH,有色金属,其他稀有金属
50,600615.SH,有色金属,铝
51,600616.SH,食品饮料,其他酒
52,600617.SH,电力及公用事业,燃气
53,600618.SH,基础化工,氯碱
54,600619.SH,家电,其他家电
55,600620.SH,综合,综合Ⅲ
56,600621.SH,非银行金融,证券Ⅲ
57,600622.SH,房地产,非住宅物业开发和运营
58,600623.SH,基础化工,氮肥
59,600624.SH,综合,综合Ⅲ
60,600626.SH,综合,综合Ⅲ
61,600628.SH,商贸零售,百货
62,600629.SH,建筑,建筑设计及服务Ⅲ
63,600630.SH,纺织服装,其他纺织
64,600633.SH,传媒,出版
65,600634.SH,综合,综合Ⅲ
66,600635.SH,电力及公用事业,燃气
67,600636.SH,消费者服务,教育信息化及在线教育
68,600637.SH,传媒,广播电视
69,600638.SH,房地产,园区综合开发
70,600639.SH,房地产,园区综合开发
71,600640.SH,传媒,互联网影视音频
72,600641.SH,房地产,住宅物业开发
73,600642.SH,电力及公用事业,火电
74,600643.SH,综合金融,多领域控股Ⅲ
75,600644.SH,电力及公用事业,电网
76,600645.SH,医药,生物医药Ⅲ
77,600647.SH,综合,综合Ⅲ
78,600648.SH,房地产,园区综合开发
79,600649.SH,房地产,住宅物业开发
80,600650.SH,交通运输,公交
81,600651.SH,家电,照明电工
82,600652.SH,传媒,游戏
83,600653.SH,汽车,汽车销售及服务Ⅲ
84,600654.SH,计算机,专用计算机设备
85,600655.SH,商贸零售,珠宝首饰及钟表
86,600657.SH,房地产,住宅物业开发
87,600658.SH,房地产,园区综合开发
88,600660.SH,汽车,汽车零部件Ⅲ
89,600661.SH,消费者服务,K12培训
90,600662.SH,交通运输,公交
91,600663.SH,房地产,园区综合开发
92,600664.SH,医药,化学制剂
93,600665.SH,房地产,住宅物业开发
94,600666.SH,机械,其他专用机械
95,600667.SH,电子,集成电路
96,600668.SH,综合,综合Ⅲ
97,600671.SH,医药,中成药
98,600673.SH,有色金属,铝
99,600674.SH,电力及公用事业,水电
100,600675.SH,房地产,住宅物业开发
101,600676.SH,汽车,汽车零部件Ⅲ
102,600677.SH,国防军工,航天军工
103,600678.SH,建材,水泥
104,600679.SH,轻工制造,其他轻工Ⅲ
105,600681.SH,电力及公用事业,燃气
106,600682.SH,商贸零售,百货
107,600683.SH,房地产,住宅物业开发
108,600684.SH,房地产,住宅物业开发
109,600685.SH,国防军工,其他军工Ⅲ
110,600686.SH,汽车,客车
111,600687.SH,有色金属,黄金
112,600688.SH,石油石化,炼油
113,600689.SH,纺织服装,棉纺制品
114,600690.SH,家电,白色家电Ⅲ
115,600691.SH,基础化工,氮肥
116,600692.SH,综合,综合Ⅲ
117,600693.SH,商贸零售,百货
118,600694.SH,商贸零售,综合业态
119,600695.SH,综合金融,多领域控股Ⅲ
120,600696.SH,综合,综合Ⅲ
121,600697.SH,商贸零售,综合业态
122,600698.SH,汽车,汽车零部件Ⅲ
123,600699.SH,汽车,汽车零部件Ⅲ
124,600701.SH,计算机,行业应用软件
125,600702.SH,食品饮料,白酒
126,600703.SH,电子,LED
127,600704.SH,综合,综合Ⅲ
128,600705.SH,非银行金融,其他非银金融
129,600706.SH,消费者服务,景区
130,600707.SH,电子,面板
131,600708.SH,房地产,住宅物业开发
132,600710.SH,商贸零售,贸易Ⅲ
133,600711.SH,电力设备及新能源,电池综合服务
134,600712.SH,商贸零售,百货
135,600713.SH,医药,医药流通
136,600714.SH,基础化工,无机盐
137,600715.SH,传媒,影视
138,600716.SH,房地产,住宅物业开发
139,600717.SH,交通运输,港口
140,600718.SH,计算机,行业应用软件
141,600719.SH,电力及公用事业,火电
142,600720.SH,建材,水泥
143,600721.SH,医药,医疗服务
144,600722.SH,基础化工,氯碱
145,600723.SH,商贸零售,百货
146,600724.SH,房地产,住宅物业开发
147,600725.SH,煤炭,焦炭
148,600726.SH,电力及公用事业,火电
149,600727.SH,基础化工,磷肥及磷化工
150,600728.SH,计算机,行业应用软件
151,600729.SH,商贸零售,综合业态
152,600730.SH,消费者服务,高等及职业教育
153,600731.SH,基础化工,农药
154,600732.SH,电力设备及新能源,太阳能
155,600733.SH,汽车,乘用车Ⅲ
156,600734.SH,计算机,通用计算机设备
157,600735.SH,商贸零售,贸易Ⅲ
158,600736.SH,房地产,园区综合开发
159,600737.SH,农林牧渔,农产品加工Ⅲ
160,600738.SH,商贸零售,百货
161,600739.SH,非银行金融,证券Ⅲ
162,600740.SH,煤炭,焦炭
163,600741.SH,汽车,汽车零部件Ⅲ
164,600742.SH,汽车,汽车零部件Ⅲ
165,600743.SH,房地产,住宅物业开发
166,600744.SH,电力及公用事业,火电
167,600745.SH,通信,通信终端及配件
168,600746.SH,基础化工,其他化学原料
169,600748.SH,房地产,住宅物业开发
170,600749.SH,消费者服务,景区
171,600750.SH,医药,中成药
172,600751.SH,计算机,咨询实施及其他服务
173,600753.SH,商贸零售,贸易Ⅲ
174,600754.SH,消费者服务,酒店
175,600755.SH,商贸零售,贸易Ⅲ
176,600756.SH,计算机,行业应用软件
177,600757.SH,传媒,出版
178,600758.SH,煤炭,其他煤化工
179,600759.SH,石油石化,石油开采Ⅲ
180,600760.SH,国防军工,其他军工Ⅲ
181,600761.SH,机械,叉车
182,600763.SH,医药,医疗服务
183,600764.SH,国防军工,其他军工Ⅲ
184,600765.SH,国防军工,航天军工
185,600766.SH,有色金属,黄金
186,600767.SH,医药,医疗服务
187,600768.SH,有色金属,铝
188,600769.SH,电力及公用事业,环保及水务
189,600770.SH,综合,综合Ⅲ
190,600771.SH,医药,化学制剂
191,600773.SH,房地产,住宅物业开发
192,600774.SH,商贸零售,专业市场经营Ⅲ
193,600775.SH,通信,通信终端及配件
194,600776.SH,通信,其他通信设备
195,600777.SH,石油石化,石油开采Ⅲ
196,600778.SH,商贸零售,百货
197,600779.SH,食品饮料,白酒
198,600780.SH,电力及公用事业,火电
199,600781.SH,医药,中成药
200,600782.SH,钢铁,板材
201,600783.SH,综合金融,资产管理Ⅲ
202,600784.SH,综合,综合Ⅲ
203,600785.SH,商贸零售,百货
204,600787.SH,交通运输,物流综合
205,600789.SH,医药,化学制剂
206,600790.SH,商贸零售,专业市场经营Ⅲ
207,600791.SH,房地产,住宅物业开发
208,600792.SH,煤炭,焦炭
209,600793.SH,轻工制造,造纸Ⅲ
210,600794.SH,交通运输,物流综合
211,600795.SH,电力及公用事业,火电
212,600796.SH,基础化工,农药
213,600797.SH,计算机,行业应用软件
214,600798.SH,交通运输,航运
215,600800.SH,计算机,专用计算机设备
216,600801.SH,建材,水泥
217,600802.SH,建材,水泥
218,600803.SH,基础化工,氮肥
219,600804.SH,通信,电信运营Ⅲ
220,600805.SH,综合,综合Ⅲ
221,600807.SH,房地产,住宅物业开发
222,600808.SH,钢铁,板材
223,600809.SH,食品饮料,白酒
224,600810.SH,基础化工,绵纶
225,600811.SH,商贸零售,贸易Ⅲ
226,600812.SH,医药,化学制剂
227,600814.SH,商贸零售,百货
228,600815.SH,机械,工程机械Ⅲ
229,600816.SH,非银行金融,信托
230,600817.SH,综合,综合Ⅲ
231,600818.SH,汽车,摩托车及其他Ⅲ
232,600819.SH,建材,玻璃
233,600820.SH,建筑,基建建设
234,600821.SH,商贸零售,百货
235,600822.SH,商贸零售,贸易Ⅲ
236,600823.SH,房地产,非住宅物业开发和运营
237,600824.SH,商贸零售,百货
238,600825.SH,传媒,出版
239,600826.SH,商贸零售,贸易Ⅲ
240,600827.SH,商贸零售,超市及便利店
241,600828.SH,商贸零售,百货
242,600829.SH,医药,医药流通
243,600830.SH,综合金融,多领域控股Ⅲ
244,600831.SH,传媒,广播电视
245,600833.SH,医药,医药流通
246,600834.SH,交通运输,公交
247,600835.SH,机械,电梯
248,600836.SH,轻工制造,印刷
249,600837.SH,非银行金融,证券Ⅲ
250,600838.SH,商贸零售,百货
251,600839.SH,家电,黑色家电Ⅲ
252,600841.SH,汽车,汽车零部件Ⅲ
253,600843.SH,机械,纺织服装机械
254,600844.SH,基础化工,氮肥
255,600845.SH,计算机,云基础设施服务
256,600846.SH,建筑,建筑设计及服务Ⅲ
257,600847.SH,电力设备及新能源,储能
258,600848.SH,房地产,非住宅物业开发和运营
259,600850.SH,计算机,咨询实施及其他服务
260,600851.SH,医药,化学制剂
261,600853.SH,建筑,基建建设
262,600854.SH,家电,白色家电Ⅲ
263,600855.SH,计算机,专用计算机设备
264,600856.SH,石油石化,油品销售及仓储
265,600857.SH,商贸零售,贸易Ⅲ
266,600858.SH,商贸零售,综合业态
267,600859.SH,商贸零售,百货
268,600860.SH,电力设备及新能源,燃料电池
269,600861.SH,商贸零售,超市及便利店
270,600862.SH,国防军工,其他军工Ⅲ
271,600863.SH,电力及公用事业,火电
272,600864.SH,非银行金融,证券Ⅲ
273,600865.SH,商贸零售,百货
274,600866.SH,基础化工,食品及饲料添加剂
275,600867.SH,医药,生物医药Ⅲ
276,600868.SH,电力及公用事业,水电
277,600869.SH,电力设备及新能源,输变电设备
278,600870.SH,商贸零售,贸易Ⅲ
279,600871.SH,石油石化,油田服务
280,600872.SH,食品饮料,调味品
281,600873.SH,基础化工,食品及饲料添加剂
282,600874.SH,电力及公用事业,环保及水务
283,600875.SH,电力设备及新能源,综合能源设备
284,600876.SH,建材,玻璃
285,600877.SH,电力设备及新能源,锂电池
286,600879.SH,国防军工,航天军工
287,600880.SH,传媒,出版
288,600881.SH,综合,综合Ⅲ
289,600882.SH,食品饮料,乳制品
290,600883.SH,建材,水泥
291,600884.SH,电力设备及新能源,锂电池
292,600885.SH,电力设备及新能源,电力电子及自动化
293,600886.SH,电力及公用事业,火电
294,600887.SH,食品饮料,乳制品
295,600888.SH,有色金属,铝
296,600889.SH,基础化工,粘胶
297,600890.SH,房地产,住宅物业开发
298,600891.SH,商贸零售,百货
299,600892.SH,传媒,游戏
300,600893.SH,国防军工,航空军工
301,600894.SH,机械,电梯
302,600895.SH,房地产,园区综合开发
303,600896.SH,医药,医疗服务
304,600897.SH,交通运输,机场
305,600898.SH,通信,通信终端及配件
306,600900.SH,电力及公用事业,水电
307,600901.SH,非银行金融,租赁
308,600903.SH,电力及公用事业,燃气
309,600908.SH,银行,农商行
310,600909.SH,非银行金融,证券Ⅲ
311,600917.SH,电力及公用事业,燃气
312,600918.SH,非银行金融,证券Ⅲ
313,600919.SH,银行,城商行
314,600926.SH,银行,城商行
315,600928.SH,银行,城商行
316,600929.SH,基础化工,食品及饲料添加剂
317,600933.SH,汽车,汽车零部件Ⅲ
318,600936.SH,传媒,广播电视
319,600939.SH,建筑,房建建设
320,600956.SH,电力及公用事业,燃气
321,600958.SH,非银行金融,证券Ⅲ
322,600959.SH,传媒,广播电视
323,600960.SH,汽车,汽车零部件Ⅲ
324,600961.SH,有色金属,铅锌
325,600962.SH,农林牧渔,农产品加工Ⅲ
326,600963.SH,轻工制造,造纸Ⅲ
327,600965.SH,农林牧渔,畜牧养殖
328,600966.SH,轻工制造,造纸Ⅲ
329,600967.SH,国防军工,兵器兵装Ⅲ
330,600968.SH,石油石化,工程服务
331,600969.SH,电力及公用事业,电网
332,600970.SH,建筑,专业工程及其他
333,600971.SH,煤炭,动力煤
334,600973.SH,电力设备及新能源,输变电设备
335,600975.SH,农林牧渔,畜牧养殖
336,600976.SH,医药,中成药
337,600977.SH,传媒,影视
338,600978.SH,轻工制造,家具
339,600979.SH,电力及公用事业,电网
340,600980.SH,有色金属,稀土及磁性材料
341,600981.SH,商贸零售,贸易Ⅲ
342,600982.SH,电力及公用事业,火电
343,600983.SH,家电,白色家电Ⅲ
344,600984.SH,机械,工程机械Ⅲ
345,600985.SH,煤炭,炼焦煤
346,600986.SH,传媒,互联网广告营销
347,600987.SH,纺织服装,印染
348,600988.SH,有色金属,黄金
349,600989.SH,基础化工,合成树脂
350,600990.SH,国防军工,兵器兵装Ⅲ
351,600992.SH,机械,金属制品Ⅲ
352,600993.SH,医药,中成药
353,600995.SH,电力及公用事业,电网
354,600996.SH,传媒,广播电视
355,600997.SH,煤炭,炼焦煤
356,600998.SH,医药,医药流通
357,600999.SH,非银行金融,证券Ⅲ
358,601000.SH,交通运输,港口
359,601001.SH,煤炭,动力煤
360,601002.SH,机械,基础件
361,601003.SH,钢铁,长材
362,601005.SH,钢铁,板材
363,601006.SH,交通运输,铁路
364,601007.SH,消费者服务,酒店
365,601008.SH,交通运输,港口
366,601009.SH,银行,城商行
367,601010.SH,商贸零售,综合业态
368,601011.SH,煤炭,焦炭
369,601012.SH,电力设备及新能源,太阳能
370,601015.SH,煤炭,焦炭
371,601016.SH,电力设备及新能源,风电
372,601018.SH,交通运输,港口
373,601019.SH,传媒,出版
374,601020.SH,有色金属,铅锌
375,601021.SH,交通运输,航空
376,601028.SH,钢铁,特钢
377,601038.SH,机械,其他专用机械
378,601058.SH,基础化工,轮胎
379,601066.SH,非银行金融,证券Ⅲ
380,601068.SH,建筑,专业工程及其他
381,601069.SH,有色金属,黄金
382,601077.SH,银行,农商行
383,601086.SH,商贸零售,百货
384,601088.SH,煤炭,动力煤
385,601098.SH,传媒,出版
386,601099.SH,非银行金融,证券Ⅲ
387,601100.SH,机械,基础件
388,601101.SH,煤炭,无烟煤
389,601106.SH,机械,矿山冶金机械
390,601107.SH,交通运输,公路
391,601108.SH,非银行金融,证券Ⅲ
392,601111.SH,交通运输,航空
393,601113.SH,商贸零售,贸易Ⅲ
394,601116.SH,商贸零售,超市及便利店
395,601117.SH,建筑,专业工程及其他
396,601118.SH,农林牧渔,种植
397,601126.SH,电力设备及新能源,电力电子及自动化
398,601127.SH,汽车,乘用车Ⅲ
399,601128.SH,银行,农商行
400,601137.SH,有色金属,铜
401,601138.SH,通信,其他通信设备
402,601139.SH,电力及公用事业,燃气
403,601155.SH,房地产,住宅物业开发
404,601158.SH,电力及公用事业,环保及水务
405,601162.SH,非银行金融,证券Ⅲ
406,601163.SH,基础化工,轮胎
407,601166.SH,银行,全国性股份制银行Ⅲ
408,601168.SH,有色金属,铜
409,601169.SH,银行,城商行
410,601177.SH,机械,基础件
411,601179.SH,电力设备及新能源,输变电设备
412,601186.SH,建筑,基建建设
413,601187.SH,银行,城商行
414,601188.SH,交通运输,公路
415,601198.SH,非银行金融,证券Ⅲ
416,601199.SH,电力及公用事业,环保及水务
417,601200.SH,电力及公用事业,环保及水务
418,601208.SH,基础化工,膜材料
419,601211.SH,非银行金融,证券Ⅲ
420,601212.SH,有色金属,铜
421,601216.SH,基础化工,氯碱
422,601218.SH,电力设备及新能源,风电
423,601222.SH,电力设备及新能源,太阳能
424,601225.SH,煤炭,动力煤
425,601226.SH,建筑,专业工程及其他
426,601228.SH,交通运输,港口
427,601229.SH,银行,城商行
428,601231.SH,电子,消费电子组件
429,601233.SH,石油石化,其他石化
430,601236.SH,非银行金融,证券Ⅲ
431,601238.SH,汽车,乘用车Ⅲ
432,601258.SH,汽车,汽车销售及服务Ⅲ
433,601288.SH,银行,国有大型银行Ⅲ
434,601298.SH,交通运输,港口
435,601311.SH,电力设备及新能源,储能
436,601318.SH,非银行金融,保险Ⅲ
437,601319.SH,非银行金融,保险Ⅲ
438,601326.SH,交通运输,港口
439,601328.SH,银行,国有大型银行Ⅲ
440,601330.SH,电力及公用事业,环保及水务
441,601333.SH,交通运输,铁路
442,601336.SH,非银行金融,保险Ⅲ
443,601339.SH,纺织服装,棉纺制品
444,601360.SH,计算机,产业互联网综合服务
445,601366.SH,商贸零售,综合业态
446,601368.SH,电力及公用事业,环保及水务
447,601369.SH,机械,其他通用机械
448,601375.SH,非银行金融,证券Ⅲ
449,601377.SH,非银行金融,证券Ⅲ
450,601388.SH,有色金属,铝
451,601390.SH,建筑,基建建设
452,601398.SH,银行,国有大型银行Ⅲ
453,601399.SH,机械,其他专用机械
454,601456.SH,非银行金融,证券Ⅲ
455,601500.SH,基础化工,轮胎
456,601512.SH,房地产,园区综合开发
457,601515.SH,轻工制造,纸包装
458,601518.SH,交通运输,公路
459,601519.SH,计算机,产业互联网信息服务
460,601555.SH,非银行金融,证券Ⅲ
461,601566.SH,纺织服装,中高端成人品牌服饰
462,601567.SH,电力设备及新能源,配电设备
463,601568.SH,基础化工,氯碱
464,601577.SH,银行,城商行
465,601579.SH,食品饮料,其他酒
466,601588.SH,房地产,住宅物业开发
467,601595.SH,传媒,影视
468,601598.SH,交通运输,航运
469,601599.SH,传媒,影视
470,601600.SH,有色金属,铝
471,601601.SH,非银行金融,保险Ⅲ
472,601606.SH,国防军工,兵器兵装Ⅲ
473,601607.SH,医药,医药流通
474,601608.SH,机械,矿山冶金机械
475,601609.SH,有色金属,铜
476,601611.SH,建筑,基建建设
477,601615.SH,电力设备及新能源,风电
478,601616.SH,电力设备及新能源,电力电子及自动化
479,601618.SH,建筑,基建建设
480,601619.SH,电力设备及新能源,风电
481,601628.SH,非银行金融,保险Ⅲ
482,601633.SH,汽车,乘用车Ⅲ
483,601636.SH,建材,玻璃
484,601658.SH,银行,国有大型银行Ⅲ
485,601666.SH,煤炭,炼焦煤
486,601668.SH,建筑,房建建设
487,601669.SH,建筑,基建建设
488,601677.SH,有色金属,铝
489,601678.SH,电力设备及新能源,燃料电池
490,601686.SH,钢铁,长材
491,601688.SH,非银行金融,证券Ⅲ
492,601689.SH,汽车,汽车零部件Ⅲ
493,601696.SH,非银行金融,证券Ⅲ
494,601698.SH,国防军工,航天军工
495,601699.SH,煤炭,炼焦煤
496,601700.SH,电力设备及新能源,输变电设备
497,601702.SH,有色金属,铝
498,601717.SH,机械,矿山冶金机械
499,601718.SH,纺织服装,其他纺织
500,601727.SH,电力设备及新能源,综合能源设备
501,601766.SH,机械,铁路交通设备
502,601777.SH,汽车,摩托车及其他Ⅲ
503,601778.SH,电力及公用事业,其他发电
504,601788.SH,非银行金融,证券Ⅲ
505,601789.SH,建筑,房建建设
506,601798.SH,机械,其他专用机械
507,601799.SH,汽车,汽车零部件Ⅲ
508,601800.SH,建筑,基建建设
509,601801.SH,传媒,出版
510,601808.SH,石油石化,油田服务
511,601811.SH,传媒,出版
512,601816.SH,交通运输,铁路
513,601818.SH,银行,全国性股份制银行Ⅲ
514,601827.SH,电力及公用事业,环保及水务
515,601828.SH,商贸零售,专业市场经营Ⅲ
516,601838.SH,银行,城商行
517,601857.SH,石油石化,石油开采Ⅲ
518,601858.SH,传媒,出版
519,601860.SH,银行,农商行
520,601865.SH,电力设备及新能源,太阳能
521,601866.SH,交通运输,航运
522,601869.SH,通信,线缆
523,601872.SH,交通运输,航运
524,601877.SH,电力设备及新能源,配电设备
525,601878.SH,非银行金融,证券Ⅲ
526,601880.SH,交通运输,港口
527,601881.SH,非银行金融,证券Ⅲ
528,601882.SH,机械,机床设备
529,601886.SH,建筑,建筑装修Ⅲ
530,601888.SH,消费者服务,旅游零售
531,601890.SH,机械,船舶制造
532,601898.SH,煤炭,动力煤
533,601899.SH,有色金属,黄金
534,601900.SH,传媒,出版
535,601901.SH,非银行金融,证券Ⅲ
536,601908.SH,电力设备及新能源,太阳能
537,601916.SH,银行,全国性股份制银行Ⅲ
538,601918.SH,煤炭,动力煤
539,601919.SH,交通运输,航运
540,601928.SH,传媒,出版
541,601929.SH,传媒,广播电视
542,601933.SH,商贸零售,超市及便利店
543,601939.SH,银行,国有大型银行Ⅲ
544,601949.SH,传媒,出版
545,601952.SH,农林牧渔,种植
546,601956.SH,,
547,601958.SH,有色金属,其他稀有金属
548,601965.SH,汽车,专用汽车
549,601966.SH,基础化工,轮胎
550,601968.SH,轻工制造,金属包装
551,601969.SH,钢铁,铁矿石
552,601975.SH,交通运输,航运
553,601985.SH,电力设备及新能源,核电
554,601988.SH,银行,国有大型银行Ⅲ
555,601989.SH,国防军工,其他军工Ⅲ
556,601990.SH,非银行金融,证券Ⅲ
557,601991.SH,电力及公用事业,火电
558,601992.SH,综合,综合Ⅲ
559,601995.SH,非银行金融,证券Ⅲ
560,601996.SH,轻工制造,其他家居
561,601997.SH,银行,城商行
562,601998.SH,银行,全国性股份制银行Ⅲ
563,601999.SH,传媒,出版
564,603000.SH,传媒,信息搜索与聚合
565,603001.SH,纺织服装,大众成人品牌服饰
566,603002.SH,基础化工,其他塑料制品
567,603003.SH,计算机,云基础设施服务
568,603005.SH,电子,集成电路
569,603006.SH,汽车,汽车零部件Ⅲ
570,603007.SH,建筑,园林工程
571,603008.SH,轻工制造,家具
572,603009.SH,汽车,汽车零部件Ⅲ
573,603010.SH,基础化工,其他化学制品Ⅲ
574,603011.SH,机械,其他通用机械
575,603012.SH,机械,矿山冶金机械
576,603013.SH,汽车,汽车零部件Ⅲ
577,603015.SH,机械,工业机器人及工控系统
578,603016.SH,电力设备及新能源,电力电子及自动化
579,603017.SH,建筑,建筑设计及服务Ⅲ
580,603018.SH,建筑,建筑设计及服务Ⅲ
581,603019.SH,计算机,通用计算机设备
582,603020.SH,食品饮料,其他食品
583,603021.SH,轻工制造,其他包装
584,603022.SH,轻工制造,纸包装
585,603023.SH,汽车,汽车零部件Ⅲ
586,603025.SH,电力设备及新能源,电力电子及自动化
587,603026.SH,基础化工,锂电化学品
588,603027.SH,食品饮料,调味品
589,603028.SH,机械,金属制品Ⅲ
590,603029.SH,机械,其他专用机械
591,603030.SH,建筑,建筑装修Ⅲ
592,603031.SH,商贸零售,超市及便利店
593,603032.SH,交通运输,公交
594,603033.SH,基础化工,橡胶制品
595,603035.SH,汽车,汽车零部件Ⅲ
596,603036.SH,机械,油气装备
597,603037.SH,汽车,汽车零部件Ⅲ
598,603038.SH,建材,其他装饰材料
599,603039.SH,计算机,基础软件及管理办公软件
600,603040.SH,汽车,汽车零部件Ⅲ
601,603041.SH,基础化工,聚氨酯
602,603042.SH,通信,网络接配及塔设
603,603043.SH,消费者服务,餐饮
604,603045.SH,有色金属,其他稀有金属
605,603050.SH,电力设备及新能源,输变电设备
606,603053.SH,电力及公用事业,燃气
607,603055.SH,纺织服装,非棉纺织品
608,603056.SH,交通运输,快递
609,603058.SH,轻工制造,纸包装
610,603059.SH,轻工制造,其他家居
611,603060.SH,综合,综合Ⅲ
612,603063.SH,电力设备及新能源,电力电子及自动化
613,603066.SH,交通运输,物流综合
614,603067.SH,基础化工,无机盐
615,603068.SH,电子,集成电路
616,603069.SH,交通运输,公交
617,603076.SH,机械,其他专用机械
618,603077.SH,基础化工,纯碱
619,603078.SH,基础化工,电子化学品
620,603079.SH,医药,化学原料药
621,603080.SH,电力及公用事业,燃气
622,603081.SH,机械,其他专用机械
623,603083.SH,通信,通信终端及配件
624,603085.SH,汽车,汽车零部件Ⅲ
625,603086.SH,基础化工,农药
626,603087.SH,医药,生物医药Ⅲ
627,603088.SH,机械,机床设备
628,603089.SH,汽车,汽车零部件Ⅲ
629,603090.SH,机械,其他通用机械
630,603093.SH,非银行金融,其他非银金融
631,603095.SH,机械,纺织服装机械
632,603096.SH,传媒,出版
633,603098.SH,建筑,专业工程及其他
634,603099.SH,消费者服务,景区
635,603100.SH,电力设备及新能源,电力电子及自动化
636,603101.SH,商贸零售,综合业态
637,603103.SH,传媒,影视
638,603105.SH,电力设备及新能源,太阳能
639,603106.SH,计算机,专用计算机设备
640,603108.SH,医药,医疗服务
641,603109.SH,汽车,汽车零部件Ⅲ
642,603110.SH,基础化工,涂料油墨颜料
643,603111.SH,机械,铁路交通设备
644,603112.SH,机械,基础件
645,603113.SH,煤炭,焦炭
646,603115.SH,机械,其他专用机械
647,603116.SH,纺织服装,大众成人品牌服饰
648,603117.SH,交通运输,物流综合
649,603118.SH,通信,通信终端及配件
650,603121.SH,汽车,汽车零部件Ⅲ
651,603123.SH,商贸零售,百货
652,603126.SH,电力及公用事业,环保及水务
653,603127.SH,医药,医疗服务
654,603128.SH,交通运输,物流综合
655,603129.SH,汽车,摩托车及其他Ⅲ
656,603131.SH,机械,其他通用机械
657,603133.SH,基础化工,电子化学品
658,603136.SH,消费者服务,景区
659,603138.SH,计算机,基础软件及管理办公软件
660,603139.SH,医药,中成药
661,603155.SH,基础化工,有机硅
662,603156.SH,食品饮料,非乳饮料
663,603157.SH,纺织服装,大众成人品牌服饰
664,603158.SH,汽车,汽车零部件Ⅲ
665,603159.SH,机械,其他专用机械
666,603160.SH,电子,集成电路
667,603161.SH,汽车,汽车零部件Ⅲ
668,603165.SH,轻工制造,造纸Ⅲ
669,603166.SH,汽车,汽车零部件Ⅲ
670,603167.SH,交通运输,航运
671,603168.SH,医药,化学制剂
672,603169.SH,机械,其他专用机械
673,603177.SH,电力及公用事业,环保及水务
674,603178.SH,汽车,汽车零部件Ⅲ
675,603179.SH,汽车,汽车零部件Ⅲ
676,603180.SH,轻工制造,家具
677,603181.SH,基础化工,其他化学制品Ⅲ
678,603183.SH,综合,综合Ⅲ
679,603185.SH,机械,光伏设备
680,603186.SH,电子,PCB
681,603187.SH,机械,其他通用机械
682,603188.SH,基础化工,印染化学品
683,603189.SH,计算机,行业应用软件
684,603192.SH,基础化工,聚氨酯
685,603195.SH,家电,照明电工
686,603196.SH,纺织服装,大众成人品牌服饰
687,603197.SH,汽车,汽车零部件Ⅲ
688,603198.SH,食品饮料,白酒
689,603199.SH,消费者服务,景区
690,603200.SH,电力及公用事业,环保及水务
691,603203.SH,机械,其他通用机械
692,603208.SH,轻工制造,其他家居
693,603212.SH,基础化工,膜材料
694,603214.SH,商贸零售,其他连锁
695,603217.SH,基础化工,其他化学制品Ⅲ
696,603218.SH,电力设备及新能源,风电
697,603220.SH,通信,网络规划设计和工程施工
698,603221.SH,轻工制造,家具
699,603222.SH,医药,医疗器械
